year,fips,state,county_name,urbanicity,region,division,land_area,total_pop,total_pop_15to64,total_jail_pop,total_prison_pop
1970,49001,UT,Beaver County,rural,West,Middle Atlantic,2582.901,3800,2219,0,
1971,49001,UT,Beaver County,rural,West,Middle Atlantic,2582.901,3837,2189,0,
1972,49001,UT,Beaver County,rural,West,Middle Atlantic,2582.901,3870,2169,0,
1973,49001,UT,Beaver County,rural,West,Middle Atlantic,2582.901,3999,2204,0,
1974,49001,UT,Beaver County,rural,West,Middle Atlantic,2582.901,3981,2181,0,
1975,49001,UT,Beaver County,rural,West,Middle Atlantic,2582.901,4069,2223,0,
1976,49001,UT,Beaver County,rural,West,Middle Atlantic,2582.901,4074,2336,0,
1977,49001,UT,Beaver County,rural,West,Middle Atlantic,2582.901,4060,2303,0,
1978,49001,UT,Beaver County,rural,West,Middle Atlantic,2582.901,4196,2343,6,
1978,49001,UT,Beaver County,rural,West,Middle Atlantic,2582.901,4196,2343,6,
1979,49001,UT,Beaver County,rural,West,Middle Atlantic,2582.901,4243,2334,5.6,
1980,49001,UT,Beaver County,rural,West,Middle Atlantic,2582.901,4410,2407,5.2,
1981,49001,UT,Beaver County,rural,West,Middle Atlantic,2582.901,4517,2436,557,
1981,49001,,,,,,,,,4.8,
1982,49001,UT,Beaver County,rural,West,Middle Atlantic,2582.901,4675,2509,4.4,
1983,49001,UT,Beaver County,rural,West,Middle Atlantic,2582.901,4768,2537,4,0
1984,49001,UT,Beaver County,rural,West,Middle Atlantic,2582.901,4970,2647,3.8,4
1985,49001,UT,Beaver County,RURAL,West,Middle Atlantic,2582.901,5087,2714,3.6,7
1985,49001,UT,Beaver County,RURAL,West,Middle Atlantic,2582.901,5087,2714,3.6,7
1986,49001,UT,Beaver County,RURAL,West,Middle Atlantic,2582.901,4966,2659,3.4,6
1987,49001,UT,Beaver County,rural,West,Middle Atlantic,2582.901,4874,2592,3.2,5
1987,49001,UT,Beaver County,rural,West,Middle Atlantic,2582.901,4874,2592,3.2,5
1988,49001,UT,Beaver County,rural  ,West,Middle Atlantic,2582.901,4738,2520,3,6
1989,49001,UT,Beaver County,rural,West,Middle Atlantic,2582.901,4728,2512,3.8,6
1990,49001,UT,Beaver County,rural,West,Middle Atlantic,2582.901,4769,2530,4.6,6
1991,49001,UT,Beaver County,rural,West,Middle Atlantic,2582.901,4798,2586,5.4,9
1992,49001,UT,Beaver County,rural,West,Middle Atlantic,2582.901,4929,2685,6.2,9
1993,49001,UT,Beaver County,RURAL,West,Middle Atlantic,2582.901,5001,2762,7,8
1994,49001,UT,Beaver County,rural,West,Middle Atlantic,2582.901,5159,2890,6,10
1995,49001,UT,Beaver County,rural,West,Middle Atlantic,2582.901,5394,3054,5,11
1996,49001,UT,Beaver County,rural,West,Middle Atlantic,2582.901,5687,3272,8,18
1997,49001,UT,Beaver County,rural,West,Middle Atlantic,2582.901,5851,3390,12,21.6666666667
1998,49001,UT,Beaver County,rural,West,Middle Atlantic,2582.901,5883,3397,16,25.3333333333
1999,49001,UT,Beaver County, rural,West,Middle Atlantic,2582.901,5978,3457,128,29
1999,49001,UT,Beaver County, rural,West,Middle Atlantic,2582.901,5978,3457,128,29
2000,49001,UT,Beaver County,rural,West,Middle Atlantic,2582.901,5998,3500,136.6667,34
2001,49001,UT,Beaver County,rural,West,Middle Atlantic,2582.901,5999,3518,145.3333,41
2002,49001,UT,Beaver County,rural,West,Middle Atlantic,2582.901,6058,3572,154,33
2003,49001,UT,Beaver County,rural,West,Middle Atlantic,2582.901,6039,3528,162.6667,44
2004,49001,UT,Beaver County,rural,West,Middle Atlantic,2582.901,6077,3564,171.3333,43
2005,49001,UT,Beaver County,rural,West,Middle Atlantic,2582.901,6192,3659,180,45
2006,49001,UT,Beaver County,rural,West,Middle Atlantic,2582.901,6281,3695,205.25,36
2007,49001,UT,Beaver County,  RURAL ,West,Middle Atlantic,2582.901,6266,3696,230.5,34
2008,49001,UT,Beaver County,rural,West,Middle Atlantic,2582.901,6413,3789,255.75,43
2009,49001,UT,Beaver County,rural  ,West,Middle Atlantic,2582.901,6552,3871,281,45
2010,49001,UT,Beaver County,rural,West,Middle Atlantic,2582.901,6629,3925,306.25,43
2011,49001,UT,Beaver County,rural,West,Middle Atlantic,2582.901,6655,3935,331.5,42
2012,49001,UT,Beaver County,rural,West,Middle Atlantic,2582.901,6558,3891,356.75,42
2013,49001,UT,Beaver County,rural,West,Middle Atlantic,2582.901,6505,3875,382,31
2014,49001,UT,Beaver County,rural,West,Middle Atlantic,2582.901,6462,3849,372.5,41
2015,49001,UT,Beaver County,rural,West,Middle Atlantic,2582.901,6426,3830,363,36
2016,49001,UT,Beaver County,rural,West,Middle Atlantic,2582.901,6344,3792,,
1970,49003,UT,Box Elder County,small/mid,West,Middle Atlantic,5745.581,28217,15861,9,
1970,49003,UT,Box Elder County,small/mid,West,Middle Atlantic,5745.581,28217,15861,9,
1971,49003,UT,Box Elder County,small/mid,West,Middle Atlantic,5745.581,28539,16100,9.625,
1972,49003,UT,Box Elder County,small/mid,West,Middle Atlantic,5745.581,29137,16567,10.25,
1973,49003,UT,Box Elder County,small/mid,West,Middle Atlantic,5745.581,29233,16747,10.875,
1974,49003,UT,Box Elder County,small/mid,West,Middle Atlantic,5745.581,29185,16823,11.5,
1974,49003,UT,Box Elder County,small/mid,West,Middle Atlantic,5745.581,29185,16823,11.5,
1975,49003,UT,Box Elder County,small/mid,West,Middle Atlantic,5745.581,29626,17197,12.125,
1976,49003,UT,Box Elder County,small/mid,West,Middle Atlantic,5745.581,30250,17642,12.75,
1977,49003,UT,Box Elder County,small/mid,West,Middle Atlantic,5745.581,30842,17987,13.375,
1978,49003,UT,Box Elder County,small/mid,West,Middle Atlantic,5745.581,31552,18406,14,
1979,49003,UT,Box Elder County,small/mid,West,Middle Atlantic,5745.581,32443,18907,15.6,
1980,49003,UT,Box Elder County, small/mid,West,Middle Atlantic,5745.581,33463,19398,17.2,
1981,49003,UT,Box Elder County,small/mid,West,Middle Atlantic,5745.581,34313,19569,18.8,
1982,49003,UT,Box Elder County,small/mid,West,Middle Atlantic,5745.581,34809,19692,20.4,
1983,49003,UT,Box Elder County,small/mid,West,Middle Atlantic,5745.581,35221,19700,22,12
1984,49003,UT,Box Elder County,small/mid,West,Middle Atlantic,5745.581,35830,20010,22.2,19
1985,49003,UT,Box Elder County,small/mid,West,Middle Atlantic,5745.581,35945,20044,22.4,23
1986,49003,UT,Box Elder County,small/mid,West,Middle Atlantic,5745.581,36260,20233,22.6,24
1987,49003,UT,Box Elder County,small/mid,West,Middle Atlantic,5745.581,36562,20245,22.8,17
1988,49003,UT,Box Elder County,small/mid,West,Middle Atlantic,5745.581,36876,20346,23,26
1989,49003,UT,Box Elder County,SMALL/MID,West,Middle Atlantic,5745.581,36544,20128,21.8,36
1990,49003,UT,Box Elder County,small/mid,West,Middle Atlantic,5745.581,36568,20205,20.6,44
1991,49003,UT,Box Elder County,small/mid,West,Middle Atlantic,5745.581,36864,20623,19.4,43
1992,49003,UT,Box Elder County,small/mid,West,Middle Atlantic,5745.581,37317,21189,18.2,39
1993,49003,UT,Box Elder County,small/mid,West,Middle Atlantic,5745.581,37882,21784,17,43
1993,49003,UT,Box Elder County,small/mid,West,Middle Atlantic,5745.581,37882,21784,17,43
1994,49003,UT,Box Elder County,small/mid,West,Middle Atlantic,5745.581,38541,22474,34.5,41
1994,49003,UT,Box Elder County,small/mid,West,Middle Atlantic,5745.581,38541,22474,34.5,41
1995,49003,UT,Box Elder County,small/mid,West,Middle Atlantic,5745.581,39077,23095,52,56
1996,49003,UT,Box Elder County,small/mid,West,Middle Atlantic,5745.581,39802,23718,69.5,56
1997,49003,UT,Box Elder County,small/mid,West,Middle Atlantic,5745.581,40751,24393,87,62.6666666667
1997,49003,UT,Box Elder County,small/mid,West,Middle Atlantic,5745.581,40751,24393,87,62.6666666667
1998,49003,UT,Box Elder County,small/mid,West,Middle Atlantic,5745.581,41571,24980,104.5,69.3333333333
1999,49003,UT,Box Elder County,small/mid,West,Middle Atlantic,5745.581,42378,25494,122,76
2000,49003,UT,Box Elder County,small/mid,West,Middle Atlantic,5745.581,42882,25825,123.8333,76
2001,49003,UT,Box Elder County, small/mid,West,Middle Atlantic,5745.581,43362,26212,125.6667,63
2002,49003,UT,Box Elder County,Small/mid,West,Middle Atlantic,5745.581,44038,26681,127.5,65
2003,49003,UT,Box Elder County,small/mid,West,Middle Atlantic,5745.581,44548,27113,129.3333,61
2004,49003,UT,Box Elder County,SMALL/MID,West,Middle Atlantic,5745.581,44666,27186,131.1667,71
2005,49003,UT,Box Elder County,small/mid,West,Middle Atlantic,5745.581,45090,27446,133,82
2006,49003,UT,Box Elder County,small/mid,West,Middle Atlantic,5745.581,45948,27947,142,87
2007,49003,UT,Box Elder County,Small/mid,West,Middle Atlantic,5745.581,47193,28588,140,94
2008,49003,UT,Box Elder County,small/mid,West,Middle Atlantic,5745.581,48437,29373,138,104
2008,49003,UT,Box Elder County,small/mid,West,Middle Atlantic,5745.581,48437,29373,138,104
2009,49003,UT,Box Elder County,small/mid,West,Middle Atlantic,5745.581,49372,29774,132,98
2010,49003,UT,Box Elder County,small/mid,West,Middle Atlantic,5745.581,49975,30136,127,96
2011,49003,UT,Box Elder County,small/mid,West,Middle Atlantic,5745.581,50167,30267,124,86
2012,49003,UT,Box Elder County,  SMALL/MID ,West,Middle Atlantic,5745.581,50240,30308,103,77
2013,49003,UT,Box Elder County,small/mid,West,Middle Atlantic,5745.581,50201,30303,129,79
2014,49003,UT,Box Elder County,small/mid,West,Middle Atlantic,5745.581,50734,30664,142,73
2014,49003,UT,Box Elder County,small/mid,West,Middle Atlantic,5745.581,50734,30664,142,73
2015,49003,UT,Box Elder County,small/mid,West,Middle Atlantic,5745.581,51302,31043,142,66
2016,49003,UT,Box Elder County,small/mid,West,Middle Atlantic,5745.581,51821,31432,,
1970,49005,UT,Cache County,small/mid,West,Middle Atlantic,1164.743,42550,26149,6,
1971,49005,UT,Cache County,small/mid,West,Middle Atlantic,1164.743,43418,26696,6.5,
1972,49005,UT,Cache County,small/mid,West,Middle Atlantic,1164.743,45536,28081,7,
1973,49005,UT,Cache County,small/mid,West,Middle Atlantic,1164.743,46998,29079,7.5,
1974,49005,UT,Cache County,  SMALL/MID ,West,Middle Atlantic,1164.743,48206,30018,8,
1975,49005,UT,Cache County,small/mid,West,Middle Atlantic,1164.743,49550,31031,8.5,
1976,49005,UT,Cache County,  SMALL/MID ,West,Middle Atlantic,1164.743,50749,31865,9,
1977,49005,UT,Cache County,Small/mid,West,Middle Atlantic,1164.743,52422,32849,9.5,
1978,49005,UT,Cache County,small/mid,West,Middle Atlantic,1164.743,53793,33615,10,
1978,49005,UT,Cache County,small/mid,West,Middle Atlantic,1164.743,53793,33615,10,
1979,49005,UT,Cache County,small/mid,West,Middle Atlantic,1164.743,55211,34368,12.8,
1980,49005,UT,Cache County,small/mid,West,Middle Atlantic,1164.743,57804,35694,15.6,
1981,49005,UT,Cache County,small/mid,West,Middle Atlantic,1164.743,60030,36656,18.4,
1982,49005,UT,Cache County,small/mid,West,Middle Atlantic,1164.743,62018,37689,21.2,
1983,49005,UT,Cache County,small/mid,West,Middle Atlantic,1164.743,63901,38502,24,12
1984,49005,UT,Cache County,small/mid,West,Middle Atlantic,1164.743,65069,39216,25.2,25
1985,49005,UT,Cache County,small/mid,West,Middle Atlantic,1164.743,65719,39628,26.4,33
1986,49005,UT,Cache County,small/mid,West,Middle Atlantic,1164.743,66315,40054,606,43
1986,49005,,,,,,,,,27.6,
1987,49005,UT,Cache County,small/mid  ,West,Middle Atlantic,1164.743,67181,40328,28.8,48
1988,49005,UT,Cache County,small/mid,West,Middle Atlantic,1164.743,68412,41019,30,56
1989,49005,UT,Cache County,small/mid,West,Middle Atlantic,1164.743,69655,41816,30.4,76
1990,49005,UT,Cache County,small/mid,West,Middle Atlantic,1164.743,70460,42606,30.8,85
1990,49005,UT,Cache County,small/mid,West,Middle Atlantic,1164.743,70460,42606,30.8,85
1991,49005,UT,Cache County,small/mid,West,Middle Atlantic,1164.743,72924,44665,31.2,90
1992,49005,UT,Cache County,small/mid,West,Middle Atlantic,1164.743,75794,47195,31.6,89
1993,49005,UT,Cache County,small/mid,West,Middle Atlantic,1164.743,78390,49429,32,98
1994,49005,UT,Cache County,small/mid,West,Middle Atlantic,1164.743,81134,51940,39.83333,90
1995,49005,UT,Cache County,small/mid,West,Middle Atlantic,1164.743,84006,54572,47.66667,95
1995,49005,UT,Cache County,small/mid,West,Middle Atlantic,1164.743,84006,54572,47.66667,95
1996,49005,UT,Cache County,small/mid,West,Middle Atlantic,1164.743,86326,56687,55.5,109
1997,49005,UT,Cache County,small/mid,West,Middle Atlantic,1164.743,88002,58127,63.33333,117.666666667
1998,49005,UT,Cache County,small/mid,West,Middle Atlantic,1164.743,89866,59624,71.16666,126.333333333
1999,49005,UT,Cache County,small/mid,West,Middle Atlantic,1164.743,90299,60171,79,135
2000,49005,UT,Cache County,small/mid,West,Middle Atlantic,1164.743,91861,61442,110.8333,135
2001,49005,UT,Cache County,small/mid,West,Middle Atlantic,1164.743,92831,62168,142.6667,147
2002,49005,UT,Cache County,small/mid,West,Middle Atlantic,1164.743,95493,64062,174.5,150
2003,49005,UT,Cache County,small/mid,West,Middle Atlantic,1164.743,97101,65065,206.3333,155
2004,49005,UT,Cache County,small/mid,West,Middle Atlantic,1164.743,98854,66089,238.1667,181
2005,49005,UT,Cache County,small/mid,West,Middle Atlantic,1164.743,100501,67072,270,173
2006,49005,UT,Cache County,small/mid,West,Middle Atlantic,1164.743,101236,67189,303,176
2007,49005,UT,Cache County, small/mid,West,Middle Atlantic,1164.743,103624,68510,300,190
2008,49005,UT,Cache County, small/mid,West,Middle Atlantic,1164.743,106824,70208,290,214
2009,49005,UT,Cache County,small/mid,West,Middle Atlantic,1164.743,110291,72121,303,221
2010,49005,UT,Cache County,SMALL/MID,West,Middle Atlantic,1164.743,112656,73327,294,234
2011,49005,UT,Cache County,small/mid,West,Middle Atlantic,1164.743,113375,73767,292,235
2012,49005,UT,Cache County,small/mid,West,Middle Atlantic,1164.743,114810,74716,264,249
2013,49005,UT,Cache County,small/mid,West,Middle Atlantic,1164.743,115858,75417,258,251
2014,49005,UT,Cache County,small/mid,West,Middle Atlantic,1164.743,117043,76265,258,241
2015,49005,UT,Cache County,small/mid,West,Middle Atlantic,1164.743,117867,76594,258,209
2016,49005,UT,Cache County,small/mid,West,Middle Atlantic,1164.743,119748,77852,,
1970,49007,UT,Carbon County,rural,West,Middle Atlantic,1479.184,15732,9676,508,
1970,49007,,,,,,,,,7,
1971,49007,UT,Carbon County,  RURAL ,West,Middle Atlantic,1479.184,16066,9873,7,
1972,49007,UT,Carbon County,rural,West,Middle Atlantic,1479.184,16807,10369,7,
1973,49007,UT,Carbon County,rural,West,Middle Atlantic,1479.184,17166,10612,7,
1974,49007,UT,Carbon County, rural,West,Middle Atlantic,1479.184,17342,10717,7,
1974,49007,UT,Carbon County, rural,West,Middle Atlantic,1479.184,17342,10717,7,
1975,49007,UT,Carbon County,rural,West,Middle Atlantic,1479.184,17945,11119,7,
1976,49007,UT,Carbon County,rural  ,West,Middle Atlantic,1479.184,18996,11734,7,
1977,49007,UT,Carbon County,rural,West,Middle Atlantic,1479.184,20071,12372,7,
1978,49007,UT,Carbon County,rural,West,Middle Atlantic,1479.184,21184,12994,7,
1979,49007,UT,Carbon County,rural,West,Middle Atlantic,1479.184,22063,13407,7.6,
1980,49007,UT,Carbon County,rural,West,Middle Atlantic,1479.184,22247,13382,8.2,
1981,49007,UT,Carbon County,rural,West,Middle Atlantic,1479.184,22419,13325,8.8,
1982,49007,UT,Carbon County,rural,West,Middle Atlantic,1479.184,23709,14010,9.4,
1983,49007,UT,Carbon County,rural,West,Middle Atlantic,1479.184,23863,13974,10,7
1984,49007,UT,Carbon County,rural,West,Middle Atlantic,1479.184,23170,13556,8.4,18
1985,49007,UT,Carbon County,rural,West,Middle Atlantic,1479.184,22338,13052,6.8,25
1986,49007,UT,Carbon County,rural,West,Middle Atlantic,1479.184,22312,13046,5.2,29
1986,49007,UT,Carbon County,rural,West,Middle Atlantic,1479.184,22312,13046,5.2,29
1987,49007,UT,Carbon County, rural,West,Middle Atlantic,1479.184,21884,12692,3.6,35
1988,49007,UT,Carbon County,rural,West,Middle Atlantic,1479.184,21076,12176,2,40
1989,49007,UT,Carbon County,rural,West,Middle Atlantic,1479.184,20549,11837,4.8,52
1989,49007,UT,Carbon County,rural,West,Middle Atlantic,1479.184,20549,11837,4.8,52
1990,49007,UT,Carbon County,rural,West,Middle Atlantic,1479.184,20146,11630,7.6,50
1991,49007,UT,Carbon County,rural,West,Middle Atlantic,1479.184,20151,11747,10.4,53
1992,49007,UT,Carbon County,rural,West,Middle Atlantic,1479.184,20184,11929,13.2,45
1993,49007,UT,Carbon County, rural,West,Middle Atlantic,1479.184,19979,11960,16,47
1994,49007,UT,Carbon County,rural,West,Middle Atlantic,1479.184,20159,12252,16,50
1995,49007,UT,Carbon County,rural,West,Middle Atlantic,1479.184,20296,12499,33,47
1996,49007,UT,Carbon County,rural  ,West,Middle Atlantic,1479.184,20495,12780,34,46
1997,49007,UT,Carbon County,rural,West,Middle Atlantic,1479.184,20655,12978,38,56
1998,49007,UT,Carbon County,rural,West,Middle Atlantic,1479.184,20731,13140,38,66
1999,49007,UT,Carbon County,rural,West,Middle Atlantic,1479.184,20574,13090,39,76
2000,49007,UT,Carbon County,rural,West,Middle Atlantic,1479.184,20491,13072,45,88
2001,49007,UT,Carbon County,Rural,West,Middle Atlantic,1479.184,19937,12792,51,87
2001,49007,UT,Carbon County,Rural,West,Middle Atlantic,1479.184,19937,12792,51,87
2002,49007,UT,Carbon County, rural,West,Middle Atlantic,1479.184,20114,12995,57,92
2003,49007,UT,Carbon County,rural,West,Middle Atlantic,1479.184,20146,13091,63,65
2004,49007,UT,Carbon County,rural,West,Middle Atlantic,1479.184,20026,12977,69,73
2005,49007,UT,Carbon County,rural,West,Middle Atlantic,1479.184,19870,12897,75,76
2006,49007,UT,Carbon County,RURAL,West,Middle Atlantic,1479.184,20072,12990,77.875,86
2007,49007,UT,Carbon County,rural,West,Middle Atlantic,1479.184,20554,13317,80.75,69
2008,49007,UT,Carbon County,rural,West,Middle Atlantic,1479.184,20596,13286,83.625,67
2009,49007,UT,Carbon County,rural,West,Middle Atlantic,1479.184,21143,13566,86.5,81
2010,49007,UT,Carbon County,rural,West,Middle Atlantic,1479.184,21403,13643,89.375,77
2011,49007,UT,Carbon County, rural,West,Middle Atlantic,1479.184,21404,13633,92.25,96
2012,49007,UT,Carbon County,rural,West,Middle Atlantic,1479.184,21306,13564,95.125,110
2013,49007,UT,Carbon County,RURAL,West,Middle Atlantic,1479.184,21230,13350,98,110
2014,49007,UT,Carbon County,rural,West,Middle Atlantic,1479.184,20908,13036,98,139
2015,49007,UT,Carbon County,rural,West,Middle Atlantic,1479.184,20621,12815,98,115
2015,49007,UT,Carbon County,rural,West,Middle Atlantic,1479.184,20621,12815,98,115
2016,49007,UT,Carbon County,rural,West,Middle Atlantic,1479.184,20366,12633,,
1970,49009,UT,Daggett County,rural,West,Middle Atlantic,696.986,668,369,0,
1971,49009,UT,Daggett County,rural,West,Middle Atlantic,696.986,656,364,0,
1972,49009,UT,Daggett County,rural,West,Middle Atlantic,696.986,632,351,0,
1973,49009,UT,Daggett County,rural,West,Middle Atlantic,696.986,708,401,0,
1974,49009,UT,Daggett County,RURAL,West,Middle Atlantic,696.986,725,414,0,
1975,49009,UT,Daggett County,rural,West,Middle Atlantic,696.986,732,425,0,
1976,49009,UT,Daggett County, rural,West,Middle Atlantic,696.986,744,433,0,
1977,49009,UT,Daggett County,rural,West,Middle Atlantic,696.986,760,445,0,
1978,49009,UT,Daggett County,rural,West,Middle Atlantic,696.986,705,410,0,
1979,49009,UT,Daggett County,rural,West,Middle Atlantic,696.986,765,452,0,
1980,49009,UT,Daggett County,rural,West,Middle Atlantic,696.986,775,459,0,
1980,49009,UT,Daggett County,rural,West,Middle Atlantic,696.986,775,459,0,
1981,49009,UT,Daggett County,rural,West,Middle Atlantic,696.986,812,478,0,
1982,49009,UT,Daggett County,RURAL,West,Middle Atlantic,696.986,855,508,0,
1982,49009,UT,Daggett County,RURAL,West,Middle Atlantic,696.986,855,508,0,
1983,49009,UT,Daggett County,rural,West,Middle Atlantic,696.986,799,471,0,0
1984,49009,UT,Daggett County,rural,West,Middle Atlantic,696.986,761,455,0,
1985,49009,UT,Daggett County,rural,West,Middle Atlantic,696.986,736,440,0,
1986,49009,UT,Daggett County,rural,West,Middle Atlantic,696.986,692,416,0,
1987,49009,UT,Daggett County,rural,West,Middle Atlantic,696.986,709,427,0,
1988,49009,UT,Daggett County,rural,West,Middle Atlantic,696.986,685,415,0,
1989,49009,UT,Daggett County,  RURAL ,West,Middle Atlantic,696.986,696,427,0,
1990,49009,UT,Daggett County,rural,West,Middle Atlantic,696.986,699,428,0,0
1991,49009,UT,Daggett County,rural,West,Middle Atlantic,696.986,743,464,0,
1992,49009,UT,Daggett County,rural,West,Middle Atlantic,696.986,744,476,0,0
1993,49009,UT,Daggett County,rural,West,Middle Atlantic,696.986,751,487,0,0
1994,49009,UT,Daggett County,rural,West,Middle Atlantic,696.986,791,525,0,0
1995,49009,UT,Daggett County,rural,West,Middle Atlantic,696.986,818,553,0,0
1996,49009,UT,Daggett County,rural,West,Middle Atlantic,696.986,861,598,0,
1997,49009,UT,Daggett County,rural,West,Middle Atlantic,696.986,859,603,0,
1998,49009,UT,Daggett County,rural,West,Middle Atlantic,696.986,849,590,0,
1999,49009,UT,Daggett County,rural,West,Middle Atlantic,696.986,877,598,35,0
2000,49009,UT,Daggett County,rural,West,Middle Atlantic,696.986,926,629,45.83333,
2001,49009,UT,Daggett County,rural,West,Middle Atlantic,696.986,929,627,56.66667,
2002,49009,UT,Daggett County,rural,West,Middle Atlantic,696.986,907,592,67.5,
2003,49009,UT,Daggett County,rural,West,Middle Atlantic,696.986,914,601,78.33334,
2004,49009,UT,Daggett County,rural,West,Middle Atlantic,696.986,952,631,89.16666,
2005,49009,UT,Daggett County,rural,West,Middle Atlantic,696.986,967,638,100,
2006,49009,UT,Daggett County,  RURAL ,West,Middle Atlantic,696.986,984,630,100,
2006,49009,UT,Daggett County,  RURAL ,West,Middle Atlantic,696.986,984,630,100,
2007,49009,UT,Daggett County,rural,West,Middle Atlantic,696.986,974,643,82,
2008,49009,UT,Daggett County,rural,West,Middle Atlantic,696.986,993,645,70,4
2009,49009,UT,Daggett County,rural,West,Middle Atlantic,696.986,1037,664,72,
2010,49009,UT,Daggett County,rural,West,Middle Atlantic,696.986,1061,658,72,
2011,49009,UT,Daggett County,rural,West,Middle Atlantic,696.986,1077,663,70,
2012,49009,UT,Daggett County,rural,West,Middle Atlantic,696.986,1162,705,68,5
2013,49009,UT,Daggett County,rural,West,Middle Atlantic,696.986,1094,641,75,5
2014,49009,UT,Daggett County,rural,West,Middle Atlantic,696.986,1139,676,77,4
2015,49009,UT,Daggett County,rural,West,Middle Atlantic,696.986,1123,664,77,
2016,49009,UT,Daggett County,rural,West,Middle Atlantic,696.986,1106,662,,
2016,49009,UT,Daggett County,rural,West,Middle Atlantic,696.986,1106,662,,
1970,49011,UT,Davis County,small/mid,West,Middle Atlantic,299.036,99959,57505,36,
1971,49011,UT,Davis County,small/mid,West,Middle Atlantic,299.036,103667,60113,38.375,
1972,49011,UT,Davis County,small/mid,West,Middle Atlantic,299.036,105297,61739,40.75,
1973,49011,UT,Davis County,small/mid,West,Middle Atlantic,299.036,110037,65260,43.125,
1974,49011,UT,Davis County,SMALL/MID,West,Middle Atlantic,299.036,112079,66939,45.5,
1975,49011,UT,Davis County,small/mid,West,Middle Atlantic,299.036,117174,70413,47.875,
1976,49011,UT,Davis County,small/mid,West,Middle Atlantic,299.036,120790,72954,50.25,
1977,49011,UT,Davis County,small/mid,West,Middle Atlantic,299.036,126881,76876,52.625,
1978,49011,UT,Davis County,small/mid,West,Middle Atlantic,299.036,133806,81080,55,
1979,49011,UT,Davis County,small/mid,West,Middle Atlantic,299.036,140328,84952,62.6,
1980,49011,UT,Davis County,small/mid  ,West,Middle Atlantic,299.036,147959,89169,70.2,
1981,49011,UT,Davis County,small/mid,West,Middle Atlantic,299.036,152922,91053,77.8,
1982,49011,UT,Davis County,small/mid,West,Middle Atlantic,299.036,158044,93718,85.4,
1983,49011,UT,Davis County,small/mid,West,Middle Atlantic,299.036,162236,95512,93,39
1984,49011,UT,Davis County,small/mid,West,Middle Atlantic,299.036,165727,97742,96.5,82
1985,49011,UT,Davis County,small/mid,West,Middle Atlantic,299.036,169890,100436,100,85
1986,49011,UT,Davis County,small/mid,West,Middle Atlantic,299.036,174269,103467,99,98
1987,49011,UT,Davis County,small/mid,West,Middle Atlantic,299.036,179748,106306,118,120
1988,49011,UT,Davis County,small/mid,West,Middle Atlantic,299.036,181729,107540,125,160
1989,49011,UT,Davis County,small/mid  ,West,Middle Atlantic,299.036,185238,109885,119,184
1990,49011,UT,Davis County,small/mid,West,Middle Atlantic,299.036,188841,112831,142,173
1991,49011,UT,Davis County,small/mid,West,Middle Atlantic,299.036,193773,116903,186,203
1992,49011,UT,Davis County,small/mid,West,Middle Atlantic,299.036,199199,121823,210,205
1992,49011,UT,Davis County,small/mid,West,Middle Atlantic,299.036,199199,121823,210,205
1993,49011,UT,Davis County,small/mid,West,Middle Atlantic,299.036,204936,126581,211,207
1994,49011,UT,Davis County,small/mid,West,Middle Atlantic,299.036,210164,131320,229,221
1995,49011,UT,Davis County,small/mid,West,Middle Atlantic,299.036,214623,135464,263,265
1996,49011,UT,Davis County,Small/mid,West,Middle Atlantic,299.036,219687,139524,300,307
1997,49011,UT,Davis County,small/mid,West,Middle Atlantic,299.036,224871,143160,346,344.666666667
1998,49011,UT,Davis County,SMALL/MID,West,Middle Atlantic,299.036,230937,147061,355,382.333333333
1999,49011,UT,Davis County,small/mid,West,Middle Atlantic,299.036,235912,150362,347,420
1999,49011,UT,Davis County,small/mid,West,Middle Atlantic,299.036,235912,150362,347,420
2000,49011,UT,Davis County,small/mid,West,Middle Atlantic,299.036,240422,153454,461,436
2001,49011,UT,Davis County,small/mid,West,Middle Atlantic,299.036,244687,156623,518,391
2002,49011,UT,Davis County,SMALL/MID,West,Middle Atlantic,299.036,249676,160023,514,462
2003,49011,UT,Davis County,small/mid,West,Middle Atlantic,299.036,255582,163495,492,543
2004,49011,UT,Davis County,small/mid,West,Middle Atlantic,299.036,262189,167718,498,542
2005,49011,UT,Davis County, small/mid,West,Middle Atlantic,299.036,269208,171898,516,558
2006,49011,UT,Davis County,small/mid,West,Middle Atlantic,299.036,278800,177303,513,538
2007,49011,UT,Davis County,small/mid  ,West,Middle Atlantic,299.036,288236,182334,723,545
2008,49011,UT,Davis County,small/mid,West,Middle Atlantic,299.036,295801,186358,743,539
2009,49011,UT,Davis County,small/mid,West,Middle Atlantic,299.036,301965,189110,729,555
2010,49011,UT,Davis County,small/mid,West,Middle Atlantic,299.036,306492,191699,636,537
2011,49011,UT,Davis County,small/mid,West,Middle Atlantic,299.036,307898,192568,748,574
2011,49011,UT,Davis County,small/mid,West,Middle Atlantic,299.036,307898,192568,748,574
2012,49011,UT,Davis County,small/mid,West,Middle Atlantic,299.036,311899,195274,713,580
2013,49011,UT,Davis County,small/mid,West,Middle Atlantic,299.036,315911,197420,688,583
2014,49011,UT,Davis County,small/mid,West,Middle Atlantic,299.036,322306,201470,687,581
2015,49011,UT,Davis County,Small/mid,West,Middle Atlantic,299.036,328778,206079,696,500
2016,49011,UT,Davis County,small/mid,West,Middle Atlantic,299.036,334834,210207,,
1970,49013,UT,Duchesne County,rural,West,Middle Atlantic,3235.344,7422,4149,7,
1971,49013,UT,Duchesne County,rural,West,Middle Atlantic,3235.344,7884,4416,6.875,
1971,49013,UT,Duchesne County,rural,West,Middle Atlantic,3235.344,7884,4416,6.875,
1972,49013,UT,Duchesne County,rural,West,Middle Atlantic,3235.344,8684,4904,6.75,
1973,49013,UT,Duchesne County,rural,West,Middle Atlantic,3235.344,11056,6358,6.625,
1974,49013,UT,Duchesne County,rural,West,Middle Atlantic,3235.344,12100,6994,6.5,
1975,49013,UT,Duchesne County,rural,West,Middle Atlantic,3235.344,12508,7244,6.375,
1976,49013,UT,Duchesne County,rural  ,West,Middle Atlantic,3235.344,12941,7485,6.25,
1977,49013,UT,Duchesne County,rural,West,Middle Atlantic,3235.344,12560,7209,6.125,
1978,49013,UT,Duchesne County,rural,West,Middle Atlantic,3235.344,12816,7321,6,
1979,49013,UT,Duchesne County,rural  ,West,Middle Atlantic,3235.344,12777,7247,8.8,
1980,49013,UT,Duchesne County,rural,West,Middle Atlantic,3235.344,12663,7094,11.6,
1981,49013,UT,Duchesne County,rural,West,Middle Atlantic,3235.344,13015,7201,14.4,
1982,49013,UT,Duchesne County,rural,West,Middle Atlantic,3235.344,13836,7614,17.2,
1983,49013,UT,Duchesne County,rural,West,Middle Atlantic,3235.344,14711,8034,20,
1984,49013,UT,Duchesne County,rural,West,Middle Atlantic,3235.344,15159,8294,22.2,9
1985,49013,UT,Duchesne County,rural  ,West,Middle Atlantic,3235.344,15307,8396,24.4,13
1986,49013,UT,Duchesne County,rural,West,Middle Atlantic,3235.344,15082,8311,26.6,16
1987,49013,UT,Duchesne County,rural,West,Middle Atlantic,3235.344,14185,7783,28.8,18
1988,49013,UT,Duchesne County,rural,West,Middle Atlantic,3235.344,13428,7369,31,18
1989,49013,UT,Duchesne County,rural,West,Middle Atlantic,3235.344,12883,7089,27.6,22
1990,49013,UT,Duchesne County,rural  ,West,Middle Atlantic,3235.344,12608,6980,24.2,27
1991,49013,UT,Duchesne County,rural,West,Middle Atlantic,3235.344,12697,7111,20.8,26
1992,49013,UT,Duchesne County,rural,West,Middle Atlantic,3235.344,12959,7390,17.4,17
1993,49013,UT,Duchesne County,rural,West,Middle Atlantic,3235.344,13169,7601,14,21
1994,49013,UT,Duchesne County,rural,West,Middle Atlantic,3235.344,13474,7888,38.33333,20
1995,49013,UT,Duchesne County,rural,West,Middle Atlantic,3235.344,13645,8106,62.66667,19
1996,49013,UT,Duchesne County,rural,West,Middle Atlantic,3235.344,13801,8303,87,33
1997,49013,UT,Duchesne County,rural,West,Middle Atlantic,3235.344,14025,8496,111.3333,36.6666666667
1998,49013,UT,Duchesne County,rural,West,Middle Atlantic,3235.344,14218,8622,135.6667,40.3333333333
1999,49013,UT,Duchesne County,rural,West,Middle Atlantic,3235.344,14395,8748,160,44
2000,49013,UT,Duchesne County,rural,West,Middle Atlantic,3235.344,14449,8778,163.3333,57
2001,49013,UT,Duchesne County,rural,West,Middle Atlantic,3235.344,14652,8981,166.6667,67
2002,49013,UT,Duchesne County, rural,West,Middle Atlantic,3235.344,14969,9233,697,72
2002,49013,,,,,,,,,170,
2003,49013,UT,Duchesne County,rural,West,Middle Atlantic,3235.344,15002,9265,173.3333,66
2004,49013,UT,Duchesne County,rural,West,Middle Atlantic,3235.344,15101,9358,176.6667,82
2005,49013,UT,Duchesne County,rural,West,Middle Atlantic,3235.344,15473,9578,180,79
2006,49013,UT,Duchesne County,rural,West,Middle Atlantic,3235.344,15823,9710,185,69
2007,49013,UT,Duchesne County,rural,West,Middle Atlantic,3235.344,16651,10238,195,75
2007,49013,UT,Duchesne County,rural,West,Middle Atlantic,3235.344,16651,10238,195,75
2008,49013,UT,Duchesne County,rural,West,Middle Atlantic,3235.344,17412,10634,155,70
2009,49013,UT,Duchesne County,RURAL,West,Middle Atlantic,3235.344,18536,11269,162,85
2010,49013,UT,Duchesne County,rural,West,Middle Atlantic,3235.344,18605,11261,160,98
2011,49013,UT,Duchesne County,rural,West,Middle Atlantic,3235.344,18647,11257,168,103
2012,49013,UT,Duchesne County,rural,West,Middle Atlantic,3235.344,18705,11286,160,95
2013,49013,UT,Duchesne County,Rural,West,Middle Atlantic,3235.344,19013,11420,176,94
2013,49013,UT,Duchesne County,Rural,West,Middle Atlantic,3235.344,19013,11420,176,94
2014,49013,UT,Duchesne County,rural,West,Middle Atlantic,3235.344,19973,11983,172,110
2015,49013,UT,Duchesne County,rural,West,Middle Atlantic,3235.344,20214,12147,172,111
2015,49013,UT,Duchesne County,rural,West,Middle Atlantic,3235.344,20214,12147,172,111
2016,49013,UT,Duchesne County,rural,West,Middle Atlantic,3235.344,20766,12427,,
1970,49015,UT,Emery County,rural,West,Middle Atlantic,4462.277,5163,2886,0,
1971,49015,UT,Emery County,rural,West,Middle Atlantic,4462.277,5263,2931,0,
1972,49015,UT,Emery County,RURAL,West,Middle Atlantic,4462.277,5067,2802,0,
1973,49015,UT,Emery County,rural,West,Middle Atlantic,4462.277,5599,3124,0,
1974,49015,UT,Emery County,rural  ,West,Middle Atlantic,4462.277,5967,3349,0,
1975,49015,UT,Emery County,rural,West,Middle Atlantic,4462.277,6649,3769,0,
1976,49015,UT,Emery County,rural,West,Middle Atlantic,4462.277,7297,4108,0,
1977,49015,UT,Emery County,rural,West,Middle Atlantic,4462.277,8488,4782,0,
1978,49015,UT,Emery County,rural,West,Middle Atlantic,4462.277,9587,5394,1,
1979,49015,UT,Emery County,rural,West,Middle Atlantic,4462.277,10416,5829,2,
1980,49015,UT,Emery County,rural,West,Middle Atlantic,4462.277,11599,6465,3,
1980,49015,UT,Emery County,rural,West,Middle Atlantic,4462.277,11599,6465,3,
1981,49015,UT,Emery County,rural,West,Middle Atlantic,4462.277,12113,6678,4,
1982,49015,UT,Emery County,rural,West,Middle Atlantic,4462.277,13011,7149,5,
1983,49015,UT,Emery County,rural,West,Middle Atlantic,4462.277,13131,7161,6,
1984,49015,UT,Emery County,rural,West,Middle Atlantic,4462.277,12485,6827,6.8,7
1985,49015,UT,Emery County,rural,West,Middle Atlantic,4462.277,11600,6367,7.6,13
1986,49015,UT,Emery County,rural,West,Middle Atlantic,4462.277,11419,6300,8.4,9
1987,49015,UT,Emery County,Rural,West,Middle Atlantic,4462.277,11046,6069,9.2,11
1987,49015,UT,Emery County,Rural,West,Middle Atlantic,4462.277,11046,6069,9.2,11
1988,49015,UT,Emery County,rural,West,Middle Atlantic,4462.277,10614,5838,10,17
1989,49015,UT,Emery County,rural,West,Middle Atlantic,4462.277,10507,5793,10.6,22
1990,49015,UT,Emery County,rural,West,Middle Atlantic,4462.277,10310,5721,11.2,20
1991,49015,UT,Emery County,rural,West,Middle Atlantic,4462.277,10327,5809,11.8,19
1992,49015,UT,Emery County,rural,West,Middle Atlantic,4462.277,10209,5852,12.4,21
1993,49015,UT,Emery County,rural,West,Middle Atlantic,4462.277,10343,6012,13,19
1994,49015,UT,Emery County,rural,West,Middle Atlantic,4462.277,10471,6189,14.16667,21
1995,49015,UT,Emery County,RURAL,West,Middle Atlantic,4462.277,10493,6317,15.33333,23
1996,49015,UT,Emery County,rural,West,Middle Atlantic,4462.277,10589,6449,16.5,21
1996,49015,UT,Emery County,rural,West,Middle Atlantic,4462.277,10589,6449,16.5,21
1997,49015,UT,Emery County,rural,West,Middle Atlantic,4462.277,10825,6640,17.66667,21
1998,49015,UT,Emery County,  RURAL ,West,Middle Atlantic,4462.277,10914,6728,18.83333,21
1999,49015,UT,Emery County,rural,West,Middle Atlantic,4462.277,10916,6759,20,21
2000,49015,UT,Emery County,rural,West,Middle Atlantic,4462.277,10850,6724,20.83333,30
2001,49015,UT,Emery County,rural,West,Middle Atlantic,4462.277,10614,6644,21.66667,31
2002,49015,UT,Emery County,rural,West,Middle Atlantic,4462.277,10548,6625,22.5,36
2003,49015,UT,Emery County,rural,West,Middle Atlantic,4462.277,10545,6590,23.33333,34
2004,49015,UT,Emery County,rural,West,Middle Atlantic,4462.277,10460,6558,24.16667,31
2005,49015,UT,Emery County,rural,West,Middle Atlantic,4462.277,10471,6529,25,35
2006,49015,UT,Emery County,rural,West,Middle Atlantic,4462.277,10445,6444,26.875,40
2007,49015,UT,Emery County,Rural,West,Middle Atlantic,4462.277,10566,6535,28.75,42
2007,49015,UT,Emery County,Rural,West,Middle Atlantic,4462.277,10566,6535,28.75,42
2008,49015,UT,Emery County,rural,West,Middle Atlantic,4462.277,10740,6569,30.625,38
2009,49015,UT,Emery County,rural,West,Middle Atlantic,4462.277,10896,6628,32.5,46
2010,49015,UT,Emery County,rural,West,Middle Atlantic,4462.277,10976,6642,34.375,51
2011,49015,UT,Emery County,rural,West,Middle Atlantic,4462.277,11005,6655,36.25,52
2012,49015,UT,Emery County,rural,West,Middle Atlantic,4462.277,10984,6655,38.125,47
2013,49015,UT,Emery County,rural,West,Middle Atlantic,4462.277,10938,6588,40,44
2014,49015,UT,Emery County,Rural,West,Middle Atlantic,4462.277,10759,6418,35,44
2015,49015,UT,Emery County,rural,West,Middle Atlantic,4462.277,10637,6314,30,45
2016,49015,UT,Emery County,  RURAL ,West,Middle Atlantic,4462.277,10356,6152,,
1970,49017,UT,Garfield County,rural,West,Middle Atlantic,5175.149,3156,1813,0,
1971,49017,UT,Garfield County,rural,West,Middle Atlantic,5175.149,3150,1816,0,
1972,49017,UT,Garfield County,rural,West,Middle Atlantic,5175.149,3147,1836,0,
1973,49017,UT,Garfield County,rural,West,Middle Atlantic,5175.149,3155,1858,0,
1974,49017,UT,Garfield County,rural,West,Middle Atlantic,5175.149,3075,1809,0,
1975,49017,UT,Garfield County,  RURAL ,West,Middle Atlantic,5175.149,3261,1936,0,
1976,49017,UT,Garfield County,rural,West,Middle Atlantic,5175.149,3285,1947,0,
1977,49017,UT,Garfield County,rural,West,Middle Atlantic,5175.149,3427,2023,0,
1978,49017,UT,Garfield County,rural,West,Middle Atlantic,5175.149,3496,2072,1,
1979,49017,UT,Garfield County,rural,West,Middle Atlantic,5175.149,3544,2097,1,
1980,49017,UT,Garfield County,rural,West,Middle Atlantic,5175.149,3695,2180,1,
1981,49017,UT,Garfield County,rural,West,Middle Atlantic,5175.149,3790,2199,1,
1982,49017,UT,Garfield County,rural,West,Middle Atlantic,5175.149,3894,2241,1,
1983,49017,UT,Garfield County,rural,West,Middle Atlantic,5175.149,4050,2305,1,0
1984,49017,UT,Garfield County,rural,West,Middle Atlantic,5175.149,4035,2288,2,
1985,49017,UT,Garfield County,Rural,West,Middle Atlantic,5175.149,3992,2254,3,
1986,49017,UT,Garfield County,rural,West,Middle Atlantic,5175.149,4042,2282,4,
1987,49017,UT,Garfield County,rural,West,Middle Atlantic,5175.149,4055,2264,5,4
1988,49017,UT,Garfield County,rural,West,Middle Atlantic,5175.149,3973,2205,6,
1989,49017,UT,Garfield County,rural,West,Middle Atlantic,5175.149,4034,2231,6.4,5
1990,49017,UT,Garfield County,rural,West,Middle Atlantic,5175.149,3967,2194,6.8,4
1991,49017,UT,Garfield County,rural,West,Middle Atlantic,5175.149,4034,2248,7.2,7
1992,49017,UT,Garfield County,RURAL,West,Middle Atlantic,5175.149,4142,2339,7.6,5
1993,49017,UT,Garfield County,  RURAL ,West,Middle Atlantic,5175.149,4111,2344,8,4
1994,49017,UT,Garfield County,rural,West,Middle Atlantic,5175.149,4206,2438,8.833333,
1995,49017,UT,Garfield County,rural,West,Middle Atlantic,5175.149,4311,2532,9.666667,
1996,49017,UT,Garfield County,rural,West,Middle Atlantic,5175.149,4396,2597,10.5,5
1997,49017,UT,Garfield County,rural,West,Middle Atlantic,5175.149,4502,2671,11.33333,5.33333333333
1998,49017,UT,Garfield County,rural,West,Middle Atlantic,5175.149,4634,2763,12.16667,5.66666666667
1998,49017,UT,Garfield County,rural,West,Middle Atlantic,5175.149,4634,2763,12.16667,5.66666666667
1999,49017,UT,Garfield County,rural,West,Middle Atlantic,5175.149,4649,2778,13,6
2000,49017,UT,Garfield County,rural,West,Middle Atlantic,5175.149,4747,2856,26.5,9
2001,49017,UT,Garfield County,rural,West,Middle Atlantic,5175.149,4705,2843,40,7
2002,49017,UT,Garfield County,rural,West,Middle Atlantic,5175.149,4650,2833,53.5,9
2003,49017,UT,Garfield County,rural,West,Middle Atlantic,5175.149,4605,2831,67,11
2004,49017,UT,Garfield County,rural,West,Middle Atlantic,5175.149,4552,2804,80.5,12
2005,49017,UT,Garfield County,rural,West,Middle Atlantic,5175.149,4582,2833,94,10
2006,49017,UT,Garfield County,RURAL,West,Middle Atlantic,5175.149,4670,2892,95.375,10
2007,49017,UT,Garfield County,rural,West,Middle Atlantic,5175.149,4850,2996,96.75,15
2008,49017,UT,Garfield County,  RURAL ,West,Middle Atlantic,5175.149,5010,3122,98.125,12
2009,49017,UT,Garfield County,rural,West,Middle Atlantic,5175.149,5068,3144,99.5,11
2010,49017,UT,Garfield County,rural,West,Middle Atlantic,5175.149,5172,3202,100.875,13
2011,49017,UT,Garfield County,  RURAL ,West,Middle Atlantic,5175.149,5197,3218,102.25,12
2012,49017,UT,Garfield County,rural,West,Middle Atlantic,5175.149,5149,3200,103.625,13
2013,49017,UT,Garfield County,rural,West,Middle Atlantic,5175.149,5063,3106,105,10
2014,49017,UT,Garfield County,rural,West,Middle Atlantic,5175.149,5033,3073,105,15
2015,49017,UT,Garfield County,rural,West,Middle Atlantic,5175.149,5012,3042,105,13
2016,49017,UT,Garfield County,  RURAL ,West,Middle Atlantic,5175.149,4978,3007,,
1970,49019,UT,Grand County,rural,West,Middle Atlantic,3672.744,6614,3863,6,
1970,49019,UT,Grand County,rural,West,Middle Atlantic,3672.744,6614,3863,6,
1971,49019,UT,Grand County,rural,West,Middle Atlantic,3672.744,6311,3714,6.125,
1971,49019,UT,Grand County,rural,West,Middle Atlantic,3672.744,6311,3714,6.125,
1972,49019,UT,Grand County,rural,West,Middle Atlantic,3672.744,6152,3661,6.25,
1973,49019,UT,Grand County,rural,West,Middle Atlantic,3672.744,5971,3599,6.375,
1974,49019,UT,Grand County,rural,West,Middle Atlantic,3672.744,5907,3607,6.5,
1975,49019,UT,Grand County,rural,West,Middle Atlantic,3672.744,6248,3890,6.625,
1976,49019,UT,Grand County,rural,West,Middle Atlantic,3672.744,6634,4157,6.75,
1976,49019,UT,Grand County,rural,West,Middle Atlantic,3672.744,6634,4157,6.75,
1977,49019,UT,Grand County,rural,West,Middle Atlantic,3672.744,7002,4399,6.875,
1978,49019,UT,Grand County,rural,West,Middle Atlantic,3672.744,7617,4818,7,
1979,49019,UT,Grand County,rural,West,Middle Atlantic,3672.744,8084,5144,8.4,
1980,49019,UT,Grand County,rural,West,Middle Atlantic,3672.744,8257,5232,9.8,
1981,49019,UT,Grand County,rural,West,Middle Atlantic,3672.744,8307,5201,11.2,
1982,49019,UT,Grand County,rural,West,Middle Atlantic,3672.744,8250,5139,12.6,
1983,49019,UT,Grand County,rural,West,Middle Atlantic,3672.744,8124,5017,14,
1984,49019,UT,Grand County,rural,West,Middle Atlantic,3672.744,7875,4859,13.8,12
1985,49019,UT,Grand County,rural,West,Middle Atlantic,3672.744,7390,4555,592,10
1985,49019,,,,,,,,,13.6,
1986,49019,UT,Grand County, rural,West,Middle Atlantic,3672.744,7090,4372,13.4,9
1987,49019,UT,Grand County,rural,West,Middle Atlantic,3672.744,6853,4192,13.2,14
1988,49019,UT,Grand County,rural,West,Middle Atlantic,3672.744,6755,4113,13,9
1989,49019,UT,Grand County,rural,West,Middle Atlantic,3672.744,6563,3988,14.81818,12
1990,49019,UT,Grand County,rural,West,Middle Atlantic,3672.744,6620,4023,16.63636,13
1991,49019,UT,Grand County,rural,West,Middle Atlantic,3672.744,6721,4124,18.45455,21
1992,49019,UT,Grand County,Rural,West,Middle Atlantic,3672.744,7107,4437,20.27273,22
1993,49019,UT,Grand County,Rural,West,Middle Atlantic,3672.744,7444,4700,22.09091,24
1994,49019,UT,Grand County,RURAL,West,Middle Atlantic,3672.744,7724,4946,23.90909,15
1995,49019,UT,Grand County,rural,West,Middle Atlantic,3672.744,7879,5104,25.72727,27
1996,49019,UT,Grand County, rural,West,Middle Atlantic,3672.744,8137,5286,27.54545,26
1997,49019,UT,Grand County,rural,West,Middle Atlantic,3672.744,8221,5378,29.36364,30.6666666667
1998,49019,UT,Grand County,rural,West,Middle Atlantic,3672.744,8199,5373,31.18182,35.3333333333
1999,49019,UT,Grand County,rural,West,Middle Atlantic,3672.744,8358,5477,33,40
2000,49019,UT,Grand County,rural,West,Middle Atlantic,3672.744,8420,5550,38.33333,44
2000,49019,UT,Grand County,rural,West,Middle Atlantic,3672.744,8420,5550,38.33333,44
2001,49019,UT,Grand County,rural  ,West,Middle Atlantic,3672.744,8436,5596,43.66667,31
2002,49019,UT,Grand County,rural,West,Middle Atlantic,3672.744,8556,5694,49,42
2003,49019,UT,Grand County,rural,West,Middle Atlantic,3672.744,8556,5772,54.33333,50
2004,49019,UT,Grand County,rural,West,Middle Atlantic,3672.744,8528,5771,59.66667,51
2005,49019,UT,Grand County,rural,West,Middle Atlantic,3672.744,8657,5850,65,51
2005,49019,UT,Grand County,rural,West,Middle Atlantic,3672.744,8657,5850,65,51
2006,49019,UT,Grand County,rural,West,Middle Atlantic,3672.744,8787,5951,61.25,43
2007,49019,UT,Grand County,rural,West,Middle Atlantic,3672.744,8838,5994,57.5,38
2008,49019,UT,Grand County,rural,West,Middle Atlantic,3672.744,8981,6070,53.75,32
2009,49019,UT,Grand County,rural,West,Middle Atlantic,3672.744,9034,6074,50,30
2010,49019,UT,Grand County,rural,West,Middle Atlantic,3672.744,9225,6203,46.25,32
2011,49019,UT,Grand County,Rural,West,Middle Atlantic,3672.744,9312,6256,42.5,36
2012,49019,UT,Grand County, rural,West,Middle Atlantic,3672.744,9296,6223,38.75,40
2013,49019,UT,Grand County, rural,West,Middle Atlantic,3672.744,9355,6184,35,37
2014,49019,UT,Grand County,rural,West,Middle Atlantic,3672.744,9374,6145,35,45
2014,49019,UT,Grand County,rural,West,Middle Atlantic,3672.744,9374,6145,35,45
2015,49019,UT,Grand County,rural,West,Middle Atlantic,3672.744,9469,6158,35,43
2016,49019,UT,Grand County,rural,West,Middle Atlantic,3672.744,9547,6199,,
1970,49021,UT,Iron County,rural,West,Middle Atlantic,3296.337,12309,7614,0,
1971,49021,UT,Iron County,rural,West,Middle Atlantic,3296.337,12849,7963,0,
1972,49021,UT,Iron County,rural,West,Middle Atlantic,3296.337,13239,8208,501,
1972,49021,,,,,,,,,0,
1973,49021,UT,Iron County,rural,West,Middle Atlantic,3296.337,13722,8535,0,
1974,49021,UT,Iron County,  RURAL ,West,Middle Atlantic,3296.337,14113,8784,0,
1975,49021,UT,Iron County,rural,West,Middle Atlantic,3296.337,14721,9172,0,
1976,49021,UT,Iron County,rural,West,Middle Atlantic,3296.337,15178,9416,501,
1976,49021,,,,,,,,,0,
1977,49021,UT,Iron County,rural,West,Middle Atlantic,3296.337,15550,9552,0,
1977,49021,UT,Iron County,rural,West,Middle Atlantic,3296.337,15550,9552,0,
1978,49021,UT,Iron County,rural,West,Middle Atlantic,3296.337,16250,9892,0,
1979,49021,UT,Iron County,rural,West,Middle Atlantic,3296.337,16838,10178,0,
1980,49021,UT,Iron County,rural  ,West,Middle Atlantic,3296.337,17433,10421,0,
1981,49021,UT,Iron County,rural,West,Middle Atlantic,3296.337,17716,10495,0,
1982,49021,UT,Iron County,rural,West,Middle Atlantic,3296.337,18293,10814,0,
1983,49021,UT,Iron County,rural,West,Middle Atlantic,3296.337,18705,11001,9,9
1984,49021,UT,Iron County,rural,West,Middle Atlantic,3296.337,19270,11372,27.2,15
1985,49021,UT,Iron County,rural,West,Middle Atlantic,3296.337,19972,11840,45.4,14
1986,49021,UT,Iron County,rural,West,Middle Atlantic,3296.337,20056,11953,63.6,24
1987,49021,UT,Iron County,rural,West,Middle Atlantic,3296.337,20058,11923,81.8,28
1988,49021,UT,Iron County,rural,West,Middle Atlantic,3296.337,20124,11990,100,26
1989,49021,UT,Iron County,rural,West,Middle Atlantic,3296.337,20492,12262,108,38
1990,49021,UT,Iron County,rural,West,Middle Atlantic,3296.337,20927,12624,119,44
1991,49021,UT,Iron County,rural,West,Middle Atlantic,3296.337,21688,13206,113,38
1992,49021,UT,Iron County,Rural,West,Middle Atlantic,3296.337,22626,13952,110,47
1993,49021,UT,Iron County,rural,West,Middle Atlantic,3296.337,24227,15128,103,44
1994,49021,UT,Iron County,rural,West,Middle Atlantic,3296.337,25791,16319,95.16666,57
1995,49021,UT,Iron County,rural,West,Middle Atlantic,3296.337,27707,17795,87.33334,57
1996,49021,UT,Iron County,Rural,West,Middle Atlantic,3296.337,28981,18770,79.5,58
1996,49021,UT,Iron County,Rural,West,Middle Atlantic,3296.337,28981,18770,79.5,58
1997,49021,UT,Iron County,rural,West,Middle Atlantic,3296.337,30171,19598,71.66666,71.6666666667
1998,49021,UT,Iron County,rural,West,Middle Atlantic,3296.337,31653,20664,63.83333,85.3333333333
1999,49021,UT,Iron County,rural,West,Middle Atlantic,3296.337,32883,21537,56,99
2000,49021,UT,Iron County,rural,West,Middle Atlantic,3296.337,34002,22329,77.5,116
2001,49021,UT,Iron County, rural,West,Middle Atlantic,3296.337,34771,22938,99,120
2002,49021,UT,Iron County, rural,West,Middle Atlantic,3296.337,35728,23686,120.5,135
2003,49021,UT,Iron County,rural,West,Middle Atlantic,3296.337,36202,23862,142,107
2004,49021,UT,Iron County,rural,West,Middle Atlantic,3296.337,37223,24536,163.5,136
2005,49021,UT,Iron County,rural,West,Middle Atlantic,3296.337,39555,26061,185,133
2006,49021,UT,Iron County,rural,West,Middle Atlantic,3296.337,42000,27508,183,115
2007,49021,UT,Iron County,RURAL,West,Middle Atlantic,3296.337,43645,28557,181,136
2008,49021,UT,Iron County,rural,West,Middle Atlantic,3296.337,44547,29104,179,132
2008,49021,UT,Iron County,rural,West,Middle Atlantic,3296.337,44547,29104,179,132
2009,49021,UT,Iron County,rural,West,Middle Atlantic,3296.337,45693,29617,177,117
2010,49021,UT,Iron County,rural,West,Middle Atlantic,3296.337,46163,29870,175,135
2011,49021,UT,Iron County,rural,West,Middle Atlantic,3296.337,46261,29933,173,152
2012,49021,UT,Iron County,Rural,West,Middle Atlantic,3296.337,46620,30143,171,165
2013,49021,UT,Iron County,rural,West,Middle Atlantic,3296.337,46642,30093,169,165
2014,49021,UT,Iron County,rural,West,Middle Atlantic,3296.337,46532,29947,169,156
2015,49021,UT,Iron County,rural,West,Middle Atlantic,3296.337,47050,30146,169,144
2016,49021,UT,Iron County,rural,West,Middle Atlantic,3296.337,48139,30677,,
2016,49021,UT,Iron County,rural,West,Middle Atlantic,3296.337,48139,30677,,
1970,49023,UT,Juab County,small/mid,West,Middle Atlantic,3391.679,4585,2602,4,
1971,49023,UT,Juab County,small/mid,West,Middle Atlantic,3391.679,4651,2638,4.125,
1972,49023,UT,Juab County, small/mid,West,Middle Atlantic,3391.679,4781,2717,4.25,
1973,49023,UT,Juab County,small/mid,West,Middle Atlantic,3391.679,4927,2808,4.375,
1974,49023,UT,Juab County,small/mid,West,Middle Atlantic,3391.679,4889,2770,4.5,
1975,49023,UT,Juab County,small/mid,West,Middle Atlantic,3391.679,4980,2814,4.625,
1976,49023,UT,Juab County,small/mid,West,Middle Atlantic,3391.679,5009,2811,4.75,
1977,49023,UT,Juab County,small/mid,West,Middle Atlantic,3391.679,5146,2866,4.875,
1978,49023,UT,Juab County,small/mid,West,Middle Atlantic,3391.679,5323,2936,5,
1979,49023,UT,Juab County,small/mid,West,Middle Atlantic,3391.679,5448,2974,4.6,
1979,49023,UT,Juab County,small/mid,West,Middle Atlantic,3391.679,5448,2974,4.6,
1980,49023,UT,Juab County,small/mid,West,Middle Atlantic,3391.679,5550,3001,4.2,
1981,49023,UT,Juab County,small/mid,West,Middle Atlantic,3391.679,5608,3003,3.8,
1982,49023,UT,Juab County,small/mid,West,Middle Atlantic,3391.679,5711,3045,3.4,
1983,49023,UT,Juab County,small/mid  ,West,Middle Atlantic,3391.679,5863,3104,3,
1984,49023,UT,Juab County,small/mid,West,Middle Atlantic,3391.679,6030,3196,4.8,
1985,49023,UT,Juab County,small/mid,West,Middle Atlantic,3391.679,6245,3316,6.6,
1986,49023,UT,Juab County,small/mid,West,Middle Atlantic,3391.679,6199,3306,8.4,9
1987,49023,UT,Juab County,small/mid,West,Middle Atlantic,3391.679,5951,3160,10.2,8
1988,49023,UT,Juab County,small/mid,West,Middle Atlantic,3391.679,5739,3044,578,10
1988,49023,,,,,,,,,12,
1989,49023,UT,Juab County,small/mid,West,Middle Atlantic,3391.679,5800,3082,14.2,11
1990,49023,UT,Juab County,small/mid,West,Middle Atlantic,3391.679,5820,3087,543,12
1990,49023,,,,,,,,,16.4,
1991,49023,UT,Juab County,small/mid,West,Middle Atlantic,3391.679,5911,3167,18.6,15
1992,49023,UT,Juab County,small/mid,West,Middle Atlantic,3391.679,5978,3239,20.8,15
1993,49023,UT,Juab County,small/mid,West,Middle Atlantic,3391.679,6141,3380,23,16
1994,49023,UT,Juab County,small/mid,West,Middle Atlantic,3391.679,6477,3638,24.5,15
1994,49023,UT,Juab County,small/mid,West,Middle Atlantic,3391.679,6477,3638,24.5,15
1995,49023,UT,Juab County,small/mid,West,Middle Atlantic,3391.679,6813,3890,26,18
1996,49023,UT,Juab County,small/mid,West,Middle Atlantic,3391.679,7213,4158,27.5,11
1997,49023,UT,Juab County,small/mid,West,Middle Atlantic,3391.679,7460,4316,29,12.6666666667
1998,49023,UT,Juab County,small/mid,West,Middle Atlantic,3391.679,7832,4547,30.5,14.3333333333
1999,49023,UT,Juab County,small/mid,West,Middle Atlantic,3391.679,8076,4701,32,16
1999,49023,UT,Juab County,small/mid,West,Middle Atlantic,3391.679,8076,4701,32,16
2000,49023,UT,Juab County,small/mid,West,Middle Atlantic,3391.679,8268,4826,35.5,26
2001,49023,UT,Juab County,small/mid,West,Middle Atlantic,3391.679,8388,4897,39,28
2002,49023,UT,Juab County,small/mid,West,Middle Atlantic,3391.679,8482,4931,42.5,22
2003,49023,UT,Juab County,small/mid,West,Middle Atlantic,3391.679,8622,5021,46,23
2004,49023,UT,Juab County,small/mid,West,Middle Atlantic,3391.679,8803,5120,49.5,19
2005,49023,UT,Juab County,Small/mid,West,Middle Atlantic,3391.679,8926,5215,53,19
2006,49023,UT,Juab County,small/mid,West,Middle Atlantic,3391.679,9175,5347,51.125,21
2007,49023,UT,Juab County, small/mid,West,Middle Atlantic,3391.679,9607,5617,49.25,24
2008,49023,UT,Juab County,small/mid,West,Middle Atlantic,3391.679,10024,5827,47.375,30
2009,49023,UT,Juab County,small/mid,West,Middle Atlantic,3391.679,10209,5987,45.5,33
2010,49023,UT,Juab County,small/mid,West,Middle Atlantic,3391.679,10246,6007,43.625,38
2011,49023,UT,Juab County,  SMALL/MID ,West,Middle Atlantic,3391.679,10263,6015,41.75,42
2012,49023,UT,Juab County,Small/mid,West,Middle Atlantic,3391.679,10311,6082,39.875,41
2013,49023,UT,Juab County,small/mid,West,Middle Atlantic,3391.679,10295,6096,38,47
2014,49023,UT,Juab County,small/mid,West,Middle Atlantic,3391.679,10262,6133,38,47
2015,49023,UT,Juab County,small/mid,West,Middle Atlantic,3391.679,10411,6195,38,44
2016,49023,UT,Juab County,small/mid,West,Middle Atlantic,3391.679,10545,6304,,
1970,49025,UT,Kane County,rural,West,Middle Atlantic,3989.946,2432,1371,2,
1971,49025,UT,Kane County,rural,West,Middle Atlantic,3989.946,2477,1386,1.875,
1972,49025,UT,Kane County,rural,West,Middle Atlantic,3989.946,2957,1686,1.75,
1973,49025,UT,Kane County,rural,West,Middle Atlantic,3989.946,3153,1802,1.625,
1974,49025,UT,Kane County,rural,West,Middle Atlantic,3989.946,3323,1908,1.5,
1975,49025,UT,Kane County,rural,West,Middle Atlantic,3989.946,3442,1979,1.375,
1976,49025,UT,Kane County,rural,West,Middle Atlantic,3989.946,3517,2021,1.25,
1977,49025,UT,Kane County,rural,West,Middle Atlantic,3989.946,3617,2069,1.125,
1978,49025,UT,Kane County,rural,West,Middle Atlantic,3989.946,3990,2287,1,
1979,49025,UT,Kane County,rural,West,Middle Atlantic,3989.946,4199,2400,1,
1980,49025,UT,Kane County,rural,West,Middle Atlantic,3989.946,4040,2271,1,
1981,49025,UT,Kane County,Rural,West,Middle Atlantic,3989.946,4091,2269,1,
1982,49025,UT,Kane County,rural,West,Middle Atlantic,3989.946,4253,2348,1,
1983,49025,UT,Kane County,rural  ,West,Middle Atlantic,3989.946,4412,2419,1,
1984,49025,UT,Kane County,rural,West,Middle Atlantic,3989.946,4524,2483,1.4,
1985,49025,UT,Kane County,rural,West,Middle Atlantic,3989.946,4693,2584,1.8,
1986,49025,UT,Kane County,RURAL,West,Middle Atlantic,3989.946,4915,2713,2.2,
1986,49025,UT,Kane County,RURAL,West,Middle Atlantic,3989.946,4915,2713,2.2,
1987,49025,UT,Kane County,Rural,West,Middle Atlantic,3989.946,5116,2808,2.6,6
1988,49025,UT,Kane County,rural,West,Middle Atlantic,3989.946,5186,2844,3,6
1989,49025,UT,Kane County,rural,West,Middle Atlantic,3989.946,5150,2828,5.4,9
1990,49025,UT,Kane County,rural,West,Middle Atlantic,3989.946,5166,2845,7.8,5
1990,49025,UT,Kane County,rural,West,Middle Atlantic,3989.946,5166,2845,7.8,5
1991,49025,UT,Kane County,rural,West,Middle Atlantic,3989.946,5089,2821,10.2,11
1992,49025,UT,Kane County,rural,West,Middle Atlantic,3989.946,5151,2882,12.6,7
1993,49025,UT,Kane County,rural,West,Middle Atlantic,3989.946,5605,3209,15,9
1994,49025,UT,Kane County,rural,West,Middle Atlantic,3989.946,5698,3308,15.5,8
1995,49025,UT,Kane County,rural,West,Middle Atlantic,3989.946,5869,3452,16,13
1996,49025,UT,Kane County,  RURAL ,West,Middle Atlantic,3989.946,5891,3483,16.5,15
1997,49025,UT,Kane County,rural,West,Middle Atlantic,3989.946,5933,3523,17,15.6666666667
1997,49025,UT,Kane County,rural,West,Middle Atlantic,3989.946,5933,3523,17,15.6666666667
1998,49025,UT,Kane County,rural,West,Middle Atlantic,3989.946,6061,3623,17.5,16.3333333333
1999,49025,UT,Kane County,rural,West,Middle Atlantic,3989.946,5986,3573,18,17
2000,49025,UT,Kane County,rural,West,Middle Atlantic,3989.946,6094,3644,17.83333,18
2001,49025,UT,Kane County,rural,West,Middle Atlantic,3989.946,6000,3638,17.66667,22
2002,49025,UT,Kane County,rural,West,Middle Atlantic,3989.946,6081,3731,17.5,19
2003,49025,UT,Kane County,rural,West,Middle Atlantic,3989.946,6133,3739,17.33333,17
2004,49025,UT,Kane County,rural,West,Middle Atlantic,3989.946,6200,3809,17.16667,19
2005,49025,UT,Kane County,rural,West,Middle Atlantic,3989.946,6369,3960,17,17
2006,49025,UT,Kane County,rural,West,Middle Atlantic,3989.946,6678,4113,35.375,19
2007,49025,UT,Kane County,rural,West,Middle Atlantic,3989.946,6778,4203,53.75,23
2008,49025,UT,Kane County,rural,West,Middle Atlantic,3989.946,6853,4256,72.125,26
2009,49025,UT,Kane County,rural,West,Middle Atlantic,3989.946,7001,4271,90.5,31
2010,49025,UT,Kane County,rural,West,Middle Atlantic,3989.946,7125,4303,108.875,35
2011,49025,UT,Kane County,rural,West,Middle Atlantic,3989.946,7213,4391,127.25,33
2012,49025,UT,Kane County,rural,West,Middle Atlantic,3989.946,7293,4453,145.625,26
2013,49025,UT,Kane County,Rural,West,Middle Atlantic,3989.946,7173,4319,164,21
2014,49025,UT,Kane County,rural,West,Middle Atlantic,3989.946,7122,4187,164,20
2015,49025,UT,Kane County,rural,West,Middle Atlantic,3989.946,7169,4235,164,16
2016,49025,UT,Kane County,rural,West,Middle Atlantic,3989.946,7046,4140,,
1970,49027,UT,Millard County,rural,West,Middle Atlantic,6604.988,7038,3880,3,
1971,49027,UT,Millard County,rural,West,Middle Atlantic,6604.988,7267,3998,4.388889,
1972,49027,UT,Millard County,rural,West,Middle Atlantic,6604.988,7553,4152,5.777778,
1972,49027,UT,Millard County,rural,West,Middle Atlantic,6604.988,7553,4152,5.777778,
1973,49027,UT,Millard County,rural,West,Middle Atlantic,6604.988,7607,4169,7.166667,
1974,49027,UT,Millard County,rural,West,Middle Atlantic,6604.988,7621,4163,8.555555,
1974,49027,UT,Millard County,rural,West,Middle Atlantic,6604.988,7621,4163,8.555555,
1975,49027,UT,Millard County,rural,West,Middle Atlantic,6604.988,7991,4382,9.944445,
1976,49027,UT,Millard County,rural,West,Middle Atlantic,6604.988,8233,4507,11.33333,
1977,49027,UT,Millard County,rural,West,Middle Atlantic,6604.988,8377,4570,12.72222,
1978,49027,UT,Millard County,rural,West,Middle Atlantic,6604.988,8450,4568,14.11111,
1979,49027,UT,Millard County,rural,West,Middle Atlantic,6604.988,8881,4765,15.5,
1980,49027,UT,Millard County,  RURAL ,West,Middle Atlantic,6604.988,9083,4829,16.88889,
1981,49027,UT,Millard County,rural,West,Middle Atlantic,6604.988,9496,4976,18.27778,
1981,49027,UT,Millard County,rural,West,Middle Atlantic,6604.988,9496,4976,18.27778,
1982,49027,UT,Millard County,  RURAL ,West,Middle Atlantic,6604.988,10167,5294,19.66667,
1983,49027,UT,Millard County,rural,West,Middle Atlantic,6604.988,11051,5702,21.05556,4
1984,49027,UT,Millard County,rural,West,Middle Atlantic,6604.988,12553,6477,22.44444,8
1985,49027,UT,Millard County,rural,West,Middle Atlantic,6604.988,13625,7032,23.83333,8
1986,49027,UT,Millard County,rural,West,Middle Atlantic,6604.988,13518,7004,25.22222,5
1987,49027,UT,Millard County,rural,West,Middle Atlantic,6604.988,12401,6386,26.61111,15
1988,49027,UT,Millard County,rural,West,Middle Atlantic,6604.988,11757,6049,28,12
1989,49027,UT,Millard County,rural,West,Middle Atlantic,6604.988,11506,5922,27,16
1990,49027,UT,Millard County,rural,West,Middle Atlantic,6604.988,11310,5842,26,17
1991,49027,UT,Millard County,rural,West,Middle Atlantic,6604.988,11471,6024,25,14
1992,49027,UT,Millard County,rural,West,Middle Atlantic,6604.988,11571,6191,24,13
1993,49027,UT,Millard County,rural,West,Middle Atlantic,6604.988,11783,6413,23,11
1994,49027,UT,Millard County,rural,West,Middle Atlantic,6604.988,11932,6614,33.16667,10
1995,49027,UT,Millard County,rural,West,Middle Atlantic,6604.988,12167,6863,43.33333,20
1996,49027,UT,Millard County,rural,West,Middle Atlantic,6604.988,12187,6976,53.5,27
1997,49027,UT,Millard County,rural,West,Middle Atlantic,6604.988,12284,7088,63.66667,26
1998,49027,UT,Millard County,rural,West,Middle Atlantic,6604.988,12295,7134,73.83334,25
1999,49027,UT,Millard County,rural,West,Middle Atlantic,6604.988,12416,7253,84,24
2000,49027,UT,Millard County,Rural,West,Middle Atlantic,6604.988,12385,7264,82.5,25
2001,49027,UT,Millard County, rural,West,Middle Atlantic,6604.988,12294,7268,81,29
2002,49027,UT,Millard County,rural,West,Middle Atlantic,6604.988,12223,7274,79.5,26
2003,49027,UT,Millard County,rural,West,Middle Atlantic,6604.988,12168,7298,78,20
2004,49027,UT,Millard County,rural,West,Middle Atlantic,6604.988,12017,7340,76.5,19
2005,49027,UT,Millard County,rural,West,Middle Atlantic,6604.988,11935,7229,75,20
2006,49027,UT,Millard County,rural,West,Middle Atlantic,6604.988,11946,7283,75,26
2006,49027,UT,Millard County,rural,West,Middle Atlantic,6604.988,11946,7283,75,26
2007,49027,UT,Millard County,rural,West,Middle Atlantic,6604.988,11954,7253,75,25
2008,49027,UT,Millard County,RURAL,West,Middle Atlantic,6604.988,12146,7270,75,21
2009,49027,UT,Millard County,rural,West,Middle Atlantic,6604.988,12343,7338,75,23
2010,49027,UT,Millard County,rural,West,Middle Atlantic,6604.988,12503,7421,75,23
2011,49027,UT,Millard County,rural,West,Middle Atlantic,6604.988,12530,7432,75,25
2012,49027,UT,Millard County,rural,West,Middle Atlantic,6604.988,12557,7408,75,25
2013,49027,UT,Millard County,rural,West,Middle Atlantic,6604.988,12454,7354,75,33
2014,49027,UT,Millard County,rural,West,Middle Atlantic,6604.988,12546,7364,75,46
2014,49027,UT,Millard County,rural,West,Middle Atlantic,6604.988,12546,7364,75,46
2015,49027,UT,Millard County,rural,West,Middle Atlantic,6604.988,12537,7305,75,38
2016,49027,UT,Millard County,rural  ,West,Middle Atlantic,6604.988,12628,7297,,
1970,49029,UT,Morgan County,small/mid,West,Middle Atlantic,609.169,4008,2265,529,
1970,49029,,,,,,,,,2.272797,
1971,49029,UT,Morgan County,SMALL/MID,West,Middle Atlantic,609.169,4115,2336,2.364504,
1972,49029,UT,Morgan County,small/mid,West,Middle Atlantic,609.169,4159,2372,2.392331,
1973,49029,UT,Morgan County,small/mid,West,Middle Atlantic,609.169,4287,2461,2.553133,
1974,49029,UT,Morgan County,small/mid,West,Middle Atlantic,609.169,4261,2460,2.568898,
1975,49029,UT,Morgan County,SMALL/MID,West,Middle Atlantic,609.169,4426,2576,2.723052,
1976,49029,UT,Morgan County,small/mid,West,Middle Atlantic,609.169,4570,2664,2.84122,
1977,49029,UT,Morgan County,small/mid,West,Middle Atlantic,609.169,4645,2711,2.946509,
1978,49029,UT,Morgan County,small/mid,West,Middle Atlantic,609.169,4755,2762,3.046917,
1978,49029,UT,Morgan County,small/mid,West,Middle Atlantic,609.169,4755,2762,3.046917,
1979,49029,UT,Morgan County,small/mid,West,Middle Atlantic,609.169,4759,2763,3.124988,
1980,49029,UT,Morgan County,small/mid,West,Middle Atlantic,609.169,4924,2844,3.307012,
1981,49029,UT,Morgan County,small/mid,West,Middle Atlantic,609.169,4932,2811,3.364524,
1982,49029,UT,Morgan County,small/mid,West,Middle Atlantic,609.169,5064,2872,3.513261,
1983,49029,UT,Morgan County,small/mid,West,Middle Atlantic,609.169,5076,2856,3.585912,0
1984,49029,UT,Morgan County,SMALL/MID,West,Middle Atlantic,609.169,5145,2904,3.893648,0
1985,49029,UT,Morgan County,small/mid,West,Middle Atlantic,609.169,5181,2933,4.184452,
1986,49029,UT,Morgan County,small/mid,West,Middle Atlantic,609.169,5212,2964,4.500245,
1987,49029,UT,Morgan County,small/mid,West,Middle Atlantic,609.169,5362,3039,4.677672,0
1988,49029,UT,Morgan County,small/mid,West,Middle Atlantic,609.169,5383,3049,5.647857,5
1988,49029,UT,Morgan County,small/mid,West,Middle Atlantic,609.169,5383,3049,5.647857,5
1989,49029,UT,Morgan County,small/mid  ,West,Middle Atlantic,609.169,5501,3126,5.797088,4
1990,49029,UT,Morgan County, small/mid,West,Middle Atlantic,609.169,5546,3175,6.654776,4
1991,49029,UT,Morgan County,small/mid,West,Middle Atlantic,609.169,5613,3257,6.48512,7
1992,49029,UT,Morgan County,small/mid,West,Middle Atlantic,609.169,5762,3405,6.01937,4
1993,49029,UT,Morgan County,small/mid,West,Middle Atlantic,609.169,6015,3592,8.044427,4
1994,49029,UT,Morgan County,  SMALL/MID ,West,Middle Atlantic,609.169,6251,3787,8.296393,5
1995,49029,UT,Morgan County,small/mid,West,Middle Atlantic,609.169,6487,3984,8.572665,
1996,49029,UT,Morgan County,SMALL/MID,West,Middle Atlantic,609.169,6664,4131,8.785393,4
1997,49029,UT,Morgan County,small/mid,West,Middle Atlantic,609.169,6747,4202,8.884482,4
1998,49029,UT,Morgan County,Small/mid,West,Middle Atlantic,609.169,6852,4265,9.029275,4
1999,49029,UT,Morgan County,small/mid,West,Middle Atlantic,609.169,6991,4348,9.218973,4
2000,49029,UT,Morgan County,small/mid,West,Middle Atlantic,609.169,7165,4458,9.495751,4
2001,49029,UT,Morgan County,small/mid,West,Middle Atlantic,609.169,7337,4581,15.56585,
2002,49029,UT,Morgan County,small/mid,West,Middle Atlantic,609.169,7488,4727,18.06404,
2003,49029,UT,Morgan County,small/mid,West,Middle Atlantic,609.169,7572,4790,34.37999,4
2004,49029,UT,Morgan County,small/mid,West,Middle Atlantic,609.169,7725,4852,35.99308,4
2005,49029,UT,Morgan County,small/mid,West,Middle Atlantic,609.169,7977,5010,37.2214,
2006,49029,UT,Morgan County,small/mid,West,Middle Atlantic,609.169,8342,5170,37.05083,
2007,49029,UT,Morgan County,small/mid,West,Middle Atlantic,609.169,8771,5354,38.39513,6
2008,49029,UT,Morgan County,small/mid,West,Middle Atlantic,609.169,9126,5537,37.4932,6
2009,49029,UT,Morgan County,small/mid,West,Middle Atlantic,609.169,9318,5601,36.69154,11
2010,49029,UT,Morgan County,small/mid,West,Middle Atlantic,609.169,9469,5682,36.81772,13
2011,49029,UT,Morgan County,small/mid,West,Middle Atlantic,609.169,9521,5711,36.9906,10
2012,49029,UT,Morgan County,small/mid,West,Middle Atlantic,609.169,9652,5774,34.19367,11
2013,49029,UT,Morgan County,small/mid,West,Middle Atlantic,609.169,9803,5879,34.73612,8
2014,49029,UT,Morgan County,small/mid,West,Middle Atlantic,609.169,10206,6088,35.31177,7
2015,49029,UT,Morgan County,small/mid,West,Middle Atlantic,609.169,10590,6306,35.73396,6
2016,49029,UT,Morgan County,small/mid,West,Middle Atlantic,609.169,11030,6538,,
1970,49031,UT,Piute County,rural,West,Middle Atlantic,758.438,1159,661,0.8207357,
1971,49031,UT,Piute County,rural,West,Middle Atlantic,758.438,1133,633,0.9116889,
1972,49031,UT,Piute County,rural,West,Middle Atlantic,758.438,1163,651,1.083851,
1973,49031,UT,Piute County,rural,West,Middle Atlantic,758.438,1216,691,1.262239,
1974,49031,UT,Piute County,rural,West,Middle Atlantic,758.438,1221,694,1.390185,
1975,49031,UT,Piute County,rural,West,Middle Atlantic,758.438,1232,703,1.486157,
1976,49031,UT,Piute County,RURAL,West,Middle Atlantic,758.438,1254,703,1.549462,
1976,49031,UT,Piute County,RURAL,West,Middle Atlantic,758.438,1254,703,1.549462,
1977,49031,UT,Piute County,Rural,West,Middle Atlantic,758.438,1268,706,1.632829,
1978,49031,UT,Piute County,rural,West,Middle Atlantic,758.438,1217,651,1.56981,
1979,49031,UT,Piute County,rural,West,Middle Atlantic,758.438,1279,673,1.485824,
1980,49031,UT,Piute County,rural,West,Middle Atlantic,758.438,1324,705,1.44533,
1981,49031,UT,Piute County,rural,West,Middle Atlantic,758.438,1324,696,1.348991,
1982,49031,UT,Piute County,rural,West,Middle Atlantic,758.438,1347,709,1.259045,
1983,49031,UT,Piute County,rural,West,Middle Atlantic,758.438,1369,716,1.179183,
1983,49031,UT,Piute County,rural,West,Middle Atlantic,758.438,1369,716,1.179183,
1984,49031,UT,Piute County,rural,West,Middle Atlantic,758.438,1402,735,1.34028,
1985,49031,UT,Piute County,rural,West,Middle Atlantic,758.438,1396,735,1.483881,0
1986,49031,UT,Piute County,rural,West,Middle Atlantic,758.438,1398,746,1.660672,
1987,49031,UT,Piute County,rural,West,Middle Atlantic,758.438,1339,709,1.759423,
1988,49031,UT,Piute County,rural,West,Middle Atlantic,758.438,1292,687,1.859898,
1989,49031,UT,Piute County,rural,West,Middle Atlantic,758.438,1298,693,1.887943,
1990,49031,UT,Piute County,rural  ,West,Middle Atlantic,758.438,1271,677,1.851261,
1991,49031,UT,Piute County,rural,West,Middle Atlantic,758.438,1274,695,1.870364,
1992,49031,UT,Piute County,rural,West,Middle Atlantic,758.438,1273,700,1.835677,0
1993,49031,UT,Piute County,rural,West,Middle Atlantic,758.438,1378,779,1.978362,0
1994,49031,UT,Piute County,rural,West,Middle Atlantic,758.438,1377,781,2.86025,0
1995,49031,UT,Piute County,rural,West,Middle Atlantic,758.438,1402,805,3.775117,0
1996,49031,UT,Piute County,rural,West,Middle Atlantic,758.438,1403,810,4.592746,
1997,49031,UT,Piute County,rural,West,Middle Atlantic,758.438,1370,786,5.201504,
1998,49031,UT,Piute County,rural,West,Middle Atlantic,758.438,1364,798,5.988955,
1999,49031,UT,Piute County,rural,West,Middle Atlantic,758.438,1426,830,7.006269,0
2000,49031,UT,Piute County,rural,West,Middle Atlantic,758.438,1436,847,6.967179,
2001,49031,UT,Piute County,rural,West,Middle Atlantic,758.438,1414,815,6.888643,
2002,49031,UT,Piute County,rural,West,Middle Atlantic,758.438,1417,810,6.45891,
2003,49031,UT,Piute County,RURAL,West,Middle Atlantic,758.438,1409,829,6.929076,0
2004,49031,UT,Piute County,rural,West,Middle Atlantic,758.438,1430,809,7.971731,0
2005,49031,UT,Piute County,rural,West,Middle Atlantic,758.438,1430,809,7.383652,0
2006,49031,UT,Piute County,rural,West,Middle Atlantic,758.438,1429,799,7.188004,
2007,49031,UT,Piute County,rural,West,Middle Atlantic,758.438,1419,787,6.949023,
2008,49031,UT,Piute County,rural,West,Middle Atlantic,758.438,1511,835,7.213233,0
2009,49031,UT,Piute County,rural,West,Middle Atlantic,758.438,1528,831,7.141257,
2009,49031,UT,Piute County,rural,West,Middle Atlantic,758.438,1528,831,7.141257,
2010,49031,UT,Piute County,rural,West,Middle Atlantic,758.438,1557,835,7.173948,
2011,49031,UT,Piute County,rural,West,Middle Atlantic,758.438,1565,842,6.935934,
2012,49031,UT,Piute County,rural,West,Middle Atlantic,758.438,1499,820,7.105056,
2013,49031,UT,Piute County,rural,West,Middle Atlantic,758.438,1497,837,6.987076,
2014,49031,UT,Piute County,rural,West,Middle Atlantic,758.438,1487,828,6.987076,
2015,49031,UT,Piute County,rural,West,Middle Atlantic,758.438,1467,805,6.987076,
2016,49031,UT,Piute County,RURAL,West,Middle Atlantic,758.438,1492,817,,
1970,49033,UT,Rich County,rural,West,Middle Atlantic,1028.847,1618,917,0,
1970,49033,UT,Rich County,rural,West,Middle Atlantic,1028.847,1618,917,0,
1971,49033,UT,Rich County,rural,West,Middle Atlantic,1028.847,1605,902,0,
1972,49033,UT,Rich County,rural,West,Middle Atlantic,1028.847,1686,959,0,
1973,49033,UT,Rich County,rural,West,Middle Atlantic,1028.847,1602,904,0,
1974,49033,UT,Rich County,rural,West,Middle Atlantic,1028.847,1612,915,0,
1975,49033,UT,Rich County,rural,West,Middle Atlantic,1028.847,1691,971,0,
1976,49033,UT,Rich County,rural,West,Middle Atlantic,1028.847,1662,942,0,
1977,49033,UT,Rich County,rural,West,Middle Atlantic,1028.847,1702,961,0,
1978,49033,UT,Rich County,rural,West,Middle Atlantic,1028.847,1860,1050,0,
1979,49033,UT,Rich County,rural,West,Middle Atlantic,1028.847,1968,1107,0,
1980,49033,UT,Rich County,rural,West,Middle Atlantic,1028.847,2124,1191,0,
1980,49033,UT,Rich County,rural,West,Middle Atlantic,1028.847,2124,1191,0,
1981,49033,UT,Rich County,rural,West,Middle Atlantic,1028.847,2228,1230,0,
1982,49033,UT,Rich County,rural,West,Middle Atlantic,1028.847,2404,1312,0,
1983,49033,UT,Rich County,rural,West,Middle Atlantic,1028.847,2389,1289,0,0
1984,49033,UT,Rich County,rural,West,Middle Atlantic,1028.847,2280,1227,0,
1985,49033,UT,Rich County,rural,West,Middle Atlantic,1028.847,2130,1142,0,
1986,49033,UT,Rich County,RURAL,West,Middle Atlantic,1028.847,2033,1084,0,
1987,49033,UT,Rich County,rural,West,Middle Atlantic,1028.847,1932,1019,0,
1987,49033,UT,Rich County,rural,West,Middle Atlantic,1028.847,1932,1019,0,
1988,49033,UT,Rich County,rural,West,Middle Atlantic,1028.847,1801,939,3,
1988,49033,UT,Rich County,rural,West,Middle Atlantic,1028.847,1801,939,3,
1989,49033,UT,Rich County,rural,West,Middle Atlantic,1028.847,1730,897,2.6,
1990,49033,UT,Rich County,rural,West,Middle Atlantic,1028.847,1731,890,2.2,
1991,49033,UT,Rich County,rural,West,Middle Atlantic,1028.847,1669,887,1.8,
1992,49033,UT,Rich County,rural,West,Middle Atlantic,1028.847,1678,906,1.4,
1993,49033,UT,Rich County,rural,West,Middle Atlantic,1028.847,1739,953,1,0
1994,49033,UT,Rich County,rural,West,Middle Atlantic,1028.847,1805,1020,1,0
1995,49033,UT,Rich County,rural,West,Middle Atlantic,1028.847,1832,1047,1,0
1996,49033,UT,Rich County,rural,West,Middle Atlantic,1028.847,1860,1077,1,0
1997,49033,UT,Rich County,rural,West,Middle Atlantic,1028.847,1828,1068,1,0
1998,49033,UT,Rich County,rural,West,Middle Atlantic,1028.847,1866,1090,1,0
1999,49033,UT,Rich County,  RURAL ,West,Middle Atlantic,1028.847,1924,1122,1,0
2000,49033,UT,Rich County,rural,West,Middle Atlantic,1028.847,1965,1153,1.166667,0
2001,49033,UT,Rich County,rural,West,Middle Atlantic,1028.847,1932,1155,1.333333,0
2002,49033,UT,Rich County,  RURAL ,West,Middle Atlantic,1028.847,1947,1160,1.5,0
2003,49033,UT,Rich County,rural  ,West,Middle Atlantic,1028.847,2039,1217,1.666667,
2003,49033,UT,Rich County,rural  ,West,Middle Atlantic,1028.847,2039,1217,1.666667,
2004,49033,UT,Rich County,rural,West,Middle Atlantic,1028.847,2051,1239,1.833333,4
2005,49033,UT,Rich County,Rural,West,Middle Atlantic,1028.847,2055,1247,2,5
2006,49033,UT,Rich County,rural,West,Middle Atlantic,1028.847,2035,1233,1.875,7
2007,49033,UT,Rich County,rural,West,Middle Atlantic,1028.847,2124,1273,1.75,6
2008,49033,UT,Rich County,rural,West,Middle Atlantic,1028.847,2227,1336,1.625,5
2009,49033,UT,Rich County,rural,West,Middle Atlantic,1028.847,2253,1327,1.5,
2010,49033,UT,Rich County,rural,West,Middle Atlantic,1028.847,2264,1319,1.375,
2011,49033,UT,Rich County,rural,West,Middle Atlantic,1028.847,2255,1320,1.25,
2012,49033,UT,Rich County,rural  ,West,Middle Atlantic,1028.847,2295,1335,1.125,
2013,49033,UT,Rich County,rural,West,Middle Atlantic,1028.847,2256,1301,1,
2014,49033,UT,Rich County,rural,West,Middle Atlantic,1028.847,2264,1308,1,5
2015,49033,UT,Rich County,rural,West,Middle Atlantic,1028.847,2274,1325,1,6
2016,49033,UT,Rich County,rural,West,Middle Atlantic,1028.847,2298,1337,,
1970,49035,UT,Salt Lake County,urban,West,Middle Atlantic,742.052,462223,274291,251,
1971,49035,UT,Salt Lake County,urban,West,Middle Atlantic,742.052,476675,284562,262.25,
1972,49035,UT,Salt Lake County,urban,West,Middle Atlantic,742.052,487811,293562,273.5,
1973,49035,UT,Salt Lake County,urban,West,Middle Atlantic,742.052,501605,304476,284.75,
1974,49035,UT,Salt Lake County, urban,West,Middle Atlantic,742.052,513778,314195,296,
1975,49035,UT,Salt Lake County,  URBAN ,West,Middle Atlantic,742.052,527998,325054,307.25,
1976,49035,UT,Salt Lake County,urban,West,Middle Atlantic,742.052,546095,338018,318.5,
1977,49035,UT,Salt Lake County,urban,West,Middle Atlantic,742.052,562495,348956,329.75,
1978,49035,UT,Salt Lake County,urban,West,Middle Atlantic,742.052,580987,360906,341,
1979,49035,UT,Salt Lake County,urban,West,Middle Atlantic,742.052,600153,372863,360.4,
1980,49035,UT,Salt Lake County,urban,West,Middle Atlantic,742.052,624248,386760,379.8,
1980,49035,UT,Salt Lake County,urban,West,Middle Atlantic,742.052,624248,386760,379.8,
1981,49035,UT,Salt Lake County,urban,West,Middle Atlantic,742.052,642266,394615,399.2,
1982,49035,UT,Salt Lake County,urban,West,Middle Atlantic,742.052,657407,403157,418.6,
1983,49035,UT,Salt Lake County,urban,West,Middle Atlantic,742.052,672966,410478,438,302
1984,49035,UT,Salt Lake County,urban,West,Middle Atlantic,742.052,685568,419268,490.5,680
1985,49035,UT,Salt Lake County,urban,West,Middle Atlantic,742.052,693441,425186,543,741
1986,49035,UT,Salt Lake County,urban,West,Middle Atlantic,742.052,702624,432500,557,799
1987,49035,UT,Salt Lake County,URBAN,West,Middle Atlantic,742.052,708853,434794,554,849
1988,49035,UT,Salt Lake County,urban,West,Middle Atlantic,742.052,714437,438367,525,912
1989,49035,UT,Salt Lake County,urban  ,West,Middle Atlantic,742.052,719048,442092,653,1086
1990,49035,UT,Salt Lake County,urban,West,Middle Atlantic,742.052,729893,451860,592,1092
1991,49035,UT,Salt Lake County,urban,West,Middle Atlantic,742.052,751023,469298,611,1191
1992,49035,UT,Salt Lake County,urban,West,Middle Atlantic,742.052,774408,490203,658,1255
1993,49035,UT,Salt Lake County,urban,West,Middle Atlantic,742.052,798049,510652,768,1289
1994,49035,UT,Salt Lake County,urban,West,Middle Atlantic,742.052,819039,530468,923,1319
1994,49035,UT,Salt Lake County,urban,West,Middle Atlantic,742.052,819039,530468,923,1319
1995,49035,UT,Salt Lake County,  URBAN ,West,Middle Atlantic,742.052,836009,547436,984,1442
1996,49035,UT,Salt Lake County,urban,West,Middle Atlantic,742.052,853076,563370,986,1567
1996,49035,UT,Salt Lake County,urban,West,Middle Atlantic,742.052,853076,563370,986,1567
1997,49035,UT,Salt Lake County,urban,West,Middle Atlantic,742.052,871580,577970,1099,1717.33333333
1998,49035,UT,Salt Lake County,urban,West,Middle Atlantic,742.052,881841,586200,1271,1867.66666667
1999,49035,UT,Salt Lake County,urban,West,Middle Atlantic,742.052,891116,593075,1500,2018
2000,49035,UT,Salt Lake County,urban,West,Middle Atlantic,742.052,901018,601176,1522,2232
2001,49035,UT,Salt Lake County,urban,West,Middle Atlantic,742.052,910750,608857,1875,2130
2002,49035,UT,Salt Lake County,urban,West,Middle Atlantic,742.052,918152,615509,1858,2165
2003,49035,UT,Salt Lake County,urban,West,Middle Atlantic,742.052,924802,620972,2000,2263
2004,49035,UT,Salt Lake County,urban,West,Middle Atlantic,742.052,934140,627631,2052,2258
2005,49035,UT,Salt Lake County,urban,West,Middle Atlantic,742.052,947963,636758,1968,2462
2005,49035,UT,Salt Lake County,urban,West,Middle Atlantic,742.052,947963,636758,1968,2462
2006,49035,UT,Salt Lake County,  URBAN ,West,Middle Atlantic,742.052,966798,648806,1972,2449
2007,49035,UT,Salt Lake County,urban,West,Middle Atlantic,742.052,983719,659082,2053,2465
2008,49035,UT,Salt Lake County,urban,West,Middle Atlantic,742.052,999553,668045,1995,2489
2009,49035,UT,Salt Lake County,urban,West,Middle Atlantic,742.052,1016795,678247,2100,2537
2010,49035,UT,Salt Lake County, urban,West,Middle Atlantic,742.052,1029590,685819,2196,2614
2011,49035,UT,Salt Lake County,urban,West,Middle Atlantic,742.052,1032959,687805,2263,2499
2012,49035,UT,Salt Lake County,urban,West,Middle Atlantic,742.052,1048313,698160,2100,2413
2013,49035,UT,Salt Lake County,urban,West,Middle Atlantic,742.052,1064489,707684,2036,2465
2014,49035,UT,Salt Lake County,urban,West,Middle Atlantic,742.052,1080830,717669,2027,2406
2015,49035,UT,Salt Lake County, urban,West,Middle Atlantic,742.052,1091271,724252,1996,2257
2016,49035,UT,Salt Lake County,urban,West,Middle Atlantic,742.052,1104372,732817,,
1970,49037,UT,San Juan County,rural,West,Middle Atlantic,7819.722,9674,5063,20,
1971,49037,UT,San Juan County,rural,West,Middle Atlantic,7819.722,9976,5250,18.25,
1972,49037,UT,San Juan County,rural,West,Middle Atlantic,7819.722,10695,5693,16.5,
1972,49037,UT,San Juan County,rural,West,Middle Atlantic,7819.722,10695,5693,16.5,
1973,49037,UT,San Juan County,rural,West,Middle Atlantic,7819.722,10784,5780,14.75,
1974,49037,UT,San Juan County,rural,West,Middle Atlantic,7819.722,10755,5804,13,
1975,49037,UT,San Juan County,  RURAL ,West,Middle Atlantic,7819.722,11068,6016,11.25,
1975,49037,UT,San Juan County,  RURAL ,West,Middle Atlantic,7819.722,11068,6016,11.25,
1976,49037,UT,San Juan County,rural,West,Middle Atlantic,7819.722,11115,6070,9.5,
1977,49037,UT,San Juan County,rural,West,Middle Atlantic,7819.722,11071,6059,7.75,
1977,49037,UT,San Juan County,rural,West,Middle Atlantic,7819.722,11071,6059,7.75,
1978,49037,UT,San Juan County,Rural,West,Middle Atlantic,7819.722,11413,6251,6,
1979,49037,UT,San Juan County,rural,West,Middle Atlantic,7819.722,11764,6446,6.4,
1980,49037,UT,San Juan County,rural,West,Middle Atlantic,7819.722,12212,6672,6.8,
1981,49037,UT,San Juan County,rural,West,Middle Atlantic,7819.722,12339,6664,7.2,
1982,49037,UT,San Juan County,rural,West,Middle Atlantic,7819.722,12338,6647,7.6,
1983,49037,UT,San Juan County,rural,West,Middle Atlantic,7819.722,12442,6673,8,
1984,49037,UT,San Juan County,rural,West,Middle Atlantic,7819.722,12241,6598,9.8,
1985,49037,UT,San Juan County,rural,West,Middle Atlantic,7819.722,12122,6579,11.6,
1986,49037,UT,San Juan County,rural,West,Middle Atlantic,7819.722,11935,6533,13.4,8
1987,49037,UT,San Juan County,rural,West,Middle Atlantic,7819.722,11878,6522,15.2,9
1988,49037,UT,San Juan County,rural,West,Middle Atlantic,7819.722,12161,6724,17,8
1988,49037,UT,San Juan County,rural,West,Middle Atlantic,7819.722,12161,6724,17,8
1989,49037,UT,San Juan County,rural,West,Middle Atlantic,7819.722,12202,6804,22.6,13
1990,49037,UT,San Juan County,rural,West,Middle Atlantic,7819.722,12732,7198,28.2,11
1991,49037,UT,San Juan County, rural,West,Middle Atlantic,7819.722,12195,6864,33.8,14
1992,49037,UT,San Juan County,rural,West,Middle Atlantic,7819.722,12859,7315,39.4,13
1993,49037,UT,San Juan County,rural,West,Middle Atlantic,7819.722,13343,7634,45,17
1994,49037,UT,San Juan County,rural,West,Middle Atlantic,7819.722,13877,7990,49.66667,15
1995,49037,UT,San Juan County,rural  ,West,Middle Atlantic,7819.722,14234,8306,54.33333,17
1996,49037,UT,San Juan County,rural,West,Middle Atlantic,7819.722,14027,8223,59,29
1997,49037,UT,San Juan County,rural,West,Middle Atlantic,7819.722,14149,8298,63.66667,28.3333333333
1998,49037,UT,San Juan County, rural,West,Middle Atlantic,7819.722,14339,8424,68.33334,27.6666666667
1998,49037,UT,San Juan County, rural,West,Middle Atlantic,7819.722,14339,8424,68.33334,27.6666666667
1999,49037,UT,San Juan County,rural,West,Middle Atlantic,7819.722,14404,8446,73,27
2000,49037,UT,San Juan County,rural,West,Middle Atlantic,7819.722,14334,8435,76.33334,29
2001,49037,UT,San Juan County,rural,West,Middle Atlantic,7819.722,13495,8051,79.66666,28
2002,49037,UT,San Juan County,rural,West,Middle Atlantic,7819.722,13662,8124,83,26
2003,49037,UT,San Juan County,rural,West,Middle Atlantic,7819.722,13571,8163,86.33334,32
2004,49037,UT,San Juan County,rural,West,Middle Atlantic,7819.722,13723,8277,89.66666,32
2005,49037,UT,San Juan County,rural,West,Middle Atlantic,7819.722,13653,8310,93,35
2005,49037,UT,San Juan County,rural,West,Middle Atlantic,7819.722,13653,8310,93,35
2006,49037,UT,San Juan County,rural,West,Middle Atlantic,7819.722,13679,8300,92.875,29
2006,49037,UT,San Juan County,rural,West,Middle Atlantic,7819.722,13679,8300,92.875,29
2007,49037,UT,San Juan County,rural,West,Middle Atlantic,7819.722,14028,8651,92.75,29
2008,49037,UT,San Juan County,rural,West,Middle Atlantic,7819.722,14436,8851,92.625,28
2009,49037,UT,San Juan County,RURAL,West,Middle Atlantic,7819.722,14514,8986,92.5,30
2009,49037,UT,San Juan County,RURAL,West,Middle Atlantic,7819.722,14514,8986,92.5,30
2010,49037,UT,San Juan County,rural,West,Middle Atlantic,7819.722,14745,9024,92.375,28
2011,49037,UT,San Juan County, rural,West,Middle Atlantic,7819.722,14825,9069,92.25,19
2012,49037,UT,San Juan County,rural,West,Middle Atlantic,7819.722,14837,9109,92.125,26
2013,49037,UT,San Juan County,rural,West,Middle Atlantic,7819.722,15034,9213,92,27
2014,49037,UT,San Juan County, rural,West,Middle Atlantic,7819.722,14988,9124,92,31
2015,49037,UT,San Juan County,rural,West,Middle Atlantic,7819.722,15052,9213,92,23
2016,49037,UT,San Juan County,rural,West,Middle Atlantic,7819.722,15238,9351,,
1970,49039,UT,Sanpete County,rural  ,West,Middle Atlantic,1589.931,11019,6277,4,
1971,49039,UT,Sanpete County,rural,West,Middle Atlantic,1589.931,11187,6311,3.625,
1972,49039,UT,Sanpete County,rural,West,Middle Atlantic,1589.931,11372,6386,3.25,
1973,49039,UT,Sanpete County,rural,West,Middle Atlantic,1589.931,11470,6401,2.875,
1973,49039,UT,Sanpete County,rural,West,Middle Atlantic,1589.931,11470,6401,2.875,
1974,49039,UT,Sanpete County,rural,West,Middle Atlantic,1589.931,11901,6641,2.5,
1975,49039,UT,Sanpete County,rural,West,Middle Atlantic,1589.931,11928,6616,529,
1975,49039,,,,,,,,,2.125,
1976,49039,UT,Sanpete County,rural,West,Middle Atlantic,1589.931,12241,6767,1.75,
1977,49039,UT,Sanpete County,rural,West,Middle Atlantic,1589.931,12685,6950,1.375,
1978,49039,UT,Sanpete County,rural,West,Middle Atlantic,1589.931,13039,7106,1,
1979,49039,UT,Sanpete County, rural,West,Middle Atlantic,1589.931,13896,7559,2.3,
1980,49039,UT,Sanpete County,rural,West,Middle Atlantic,1589.931,14703,7942,3.6,
1981,49039,UT,Sanpete County,rural,West,Middle Atlantic,1589.931,14968,8013,4.9,
1982,49039,UT,Sanpete County,rural,West,Middle Atlantic,1589.931,15514,8285,6.2,
1983,49039,UT,Sanpete County,rural,West,Middle Atlantic,1589.931,16060,8530,7.5,0
1984,49039,UT,Sanpete County,rural,West,Middle Atlantic,1589.931,16500,8802,8.8,
1985,49039,UT,Sanpete County,rural,West,Middle Atlantic,1589.931,16468,8833,10.1,4
1986,49039,UT,Sanpete County,rural,West,Middle Atlantic,1589.931,16340,8826,11.4,
1986,49039,UT,Sanpete County,rural,West,Middle Atlantic,1589.931,16340,8826,11.4,
1987,49039,UT,Sanpete County,rural  ,West,Middle Atlantic,1589.931,16195,8733,12.7,4
1988,49039,UT,Sanpete County,rural,West,Middle Atlantic,1589.931,16179,8754,14,7
1988,49039,UT,Sanpete County,rural,West,Middle Atlantic,1589.931,16179,8754,14,7
1989,49039,UT,Sanpete County,rural,West,Middle Atlantic,1589.931,16164,8794,14,13
1990,49039,UT,Sanpete County,rural,West,Middle Atlantic,1589.931,16325,8973,14,9
1991,49039,UT,Sanpete County,rural,West,Middle Atlantic,1589.931,17177,9813,14,10
1992,49039,UT,Sanpete County,rural  ,West,Middle Atlantic,1589.931,17750,10310,14,14
1993,49039,UT,Sanpete County,rural,West,Middle Atlantic,1589.931,18296,10771,14,14
1994,49039,UT,Sanpete County, rural,West,Middle Atlantic,1589.931,18925,11304,15.16667,12
1995,49039,UT,Sanpete County,Rural,West,Middle Atlantic,1589.931,19546,11870,16.33333,15
1996,49039,UT,Sanpete County,RURAL,West,Middle Atlantic,1589.931,20347,12493,17.5,14
1997,49039,UT,Sanpete County,rural,West,Middle Atlantic,1589.931,21071,13056,18.66667,17.6666666667
1998,49039,UT,Sanpete County,rural,West,Middle Atlantic,1589.931,21853,13597,19.83333,21.3333333333
1999,49039,UT,Sanpete County,rural,West,Middle Atlantic,1589.931,22550,14127,21,25
2000,49039,UT,Sanpete County,rural,West,Middle Atlantic,1589.931,22806,14304,21.5,20
2001,49039,UT,Sanpete County,rural,West,Middle Atlantic,1589.931,23294,14726,22,22
2002,49039,UT,Sanpete County,rural,West,Middle Atlantic,1589.931,23566,15037,22.5,26
2003,49039,UT,Sanpete County,RURAL,West,Middle Atlantic,1589.931,23866,15282,23,24
2004,49039,UT,Sanpete County,rural,West,Middle Atlantic,1589.931,24217,15599,23.5,30
2005,49039,UT,Sanpete County,  RURAL ,West,Middle Atlantic,1589.931,24607,15855,24,32
2006,49039,UT,Sanpete County,rural,West,Middle Atlantic,1589.931,25051,16120,32.375,39
2007,49039,UT,Sanpete County,rural,West,Middle Atlantic,1589.931,25846,16593,40.75,40
2008,49039,UT,Sanpete County,rural,West,Middle Atlantic,1589.931,26959,17267,49.125,44
2009,49039,UT,Sanpete County,rural,West,Middle Atlantic,1589.931,27511,17620,57.5,42
2010,49039,UT,Sanpete County,rural,West,Middle Atlantic,1589.931,27822,17824,65.875,53
2011,49039,UT,Sanpete County,rural,West,Middle Atlantic,1589.931,27939,17918,74.25,60
2012,49039,UT,Sanpete County,rural,West,Middle Atlantic,1589.931,28004,18006,82.625,56
2013,49039,UT,Sanpete County,rural,West,Middle Atlantic,1589.931,27950,17998,91,74
2014,49039,UT,Sanpete County,rural,West,Middle Atlantic,1589.931,28128,18271,101,72
2015,49039,UT,Sanpete County,rural,West,Middle Atlantic,1589.931,28307,18429,111,57
2016,49039,UT,Sanpete County,rural,West,Middle Atlantic,1589.931,28686,18739,,
1970,49041,UT,Sevier County,rural,West,Middle Atlantic,1910.434,10182,5782,7.179265,
1971,49041,UT,Sevier County,rural,West,Middle Atlantic,1910.434,10530,5963,8.588311,
1972,49041,UT,Sevier County,rural,West,Middle Atlantic,1910.434,10564,5956,9.916149,
1972,49041,UT,Sevier County,rural,West,Middle Atlantic,1910.434,10564,5956,9.916149,
1973,49041,UT,Sevier County,rural,West,Middle Atlantic,1910.434,10897,6152,11.23776,
1974,49041,UT,Sevier County,rural,West,Middle Atlantic,1910.434,11164,6295,12.60982,
1975,49041,UT,Sevier County,rural,West,Middle Atlantic,1910.434,11723,6629,14.01384,
1976,49041,UT,Sevier County,rural,West,Middle Atlantic,1910.434,12432,7010,15.45054,
1977,49041,UT,Sevier County,rural,West,Middle Atlantic,1910.434,13007,7293,16.86717,
1978,49041,UT,Sevier County,rural,West,Middle Atlantic,1910.434,13726,7643,18.43019,
1979,49041,UT,Sevier County,rural,West,Middle Atlantic,1910.434,14367,7933,17.51418,
1980,49041,UT,Sevier County,rural,West,Middle Atlantic,1910.434,14792,8075,16.55467,
1981,49041,UT,Sevier County,rural,West,Middle Atlantic,1910.434,14986,8075,15.65101,
1982,49041,UT,Sevier County,rural,West,Middle Atlantic,1910.434,15478,8301,14.74095,
1983,49041,UT,Sevier County,rural,West,Middle Atlantic,1910.434,15775,8392,13.82082,13
1984,49041,UT,Sevier County,rural,West,Middle Atlantic,1910.434,15921,8478,15.45972,22
1985,49041,UT,Sevier County,rural,West,Middle Atlantic,1910.434,15901,8478,17.11612,23
1986,49041,UT,Sevier County,rural,West,Middle Atlantic,1910.434,15745,8418,18.73933,33
1987,49041,UT,Sevier County,rural,West,Middle Atlantic,1910.434,15490,8237,20.44058,29
1988,49041,UT,Sevier County,rural,West,Middle Atlantic,1910.434,15401,8178,22.1401,26
1988,49041,UT,Sevier County,rural,West,Middle Atlantic,1910.434,15401,8178,22.1401,26
1989,49041,UT,Sevier County,rural,West,Middle Atlantic,1910.434,15416,8190,22.31206,41
1990,49041,UT,Sevier County,rural,West,Middle Atlantic,1910.434,15447,8246,22.54874,39
1991,49041,UT,Sevier County,rural,West,Middle Atlantic,1910.434,15631,8446,22.72964,36
1992,49041,UT,Sevier County,rural,West,Middle Atlantic,1910.434,15922,8757,22.96432,37
1993,49041,UT,Sevier County,rural,West,Middle Atlantic,1910.434,16272,9065,23.02164,44
1993,49041,UT,Sevier County,rural,West,Middle Atlantic,1910.434,16272,9065,23.02164,44
1994,49041,UT,Sevier County,rural,West,Middle Atlantic,1910.434,16751,9504,34.80642,39
1995,49041,UT,Sevier County,rural,West,Middle Atlantic,1910.434,17183,9928,46.55822,44
1996,49041,UT,Sevier County,rural,West,Middle Atlantic,1910.434,17631,10301,58.40725,47
1997,49041,UT,Sevier County,rural,West,Middle Atlantic,1910.434,18091,10648,70.46516,58
1998,49041,UT,Sevier County,rural,West,Middle Atlantic,1910.434,18498,10972,82.34438,69
1999,49041,UT,Sevier County,rural,West,Middle Atlantic,1910.434,18693,11135,620,80
1999,49041,,,,,,,,,93.99373,
2000,49041,UT,Sevier County,rural,West,Middle Atlantic,1910.434,18877,11310,93.03282,79
2001,49041,UT,Sevier County,RURAL,West,Middle Atlantic,1910.434,18975,11371,96.11136,64
2002,49041,UT,Sevier County,Rural,West,Middle Atlantic,1910.434,19088,11480,91.54109,70
2003,49041,UT,Sevier County,rural,West,Middle Atlantic,1910.434,19192,11494,96.07092,71
2004,49041,UT,Sevier County,rural,West,Middle Atlantic,1910.434,19412,11572,114.0283,84
2005,49041,UT,Sevier County,rural,West,Middle Atlantic,1910.434,19415,11572,105.6163,87
2006,49041,UT,Sevier County, rural,West,Middle Atlantic,1910.434,19844,11734,105.562,70
2007,49041,UT,Sevier County,rural,West,Middle Atlantic,1910.434,20236,11954,105.551,73
2008,49041,UT,Sevier County,rural  ,West,Middle Atlantic,1910.434,20599,12159,105.0368,59
2009,49041,UT,Sevier County,rural,West,Middle Atlantic,1910.434,20694,12202,104.8587,56
2010,49041,UT,Sevier County,rural,West,Middle Atlantic,1910.434,20801,12260,104.576,58
2011,49041,UT,Sevier County,rural,West,Middle Atlantic,1910.434,20800,12272,104.5641,56
2012,49041,UT,Sevier County, rural,West,Middle Atlantic,1910.434,20870,12332,104.1449,53
2013,49041,UT,Sevier County,rural,West,Middle Atlantic,1910.434,20659,12183,104.0129,51
2014,49041,UT,Sevier County,rural,West,Middle Atlantic,1910.434,20752,12278,104.0129,63
2015,49041,UT,Sevier County,rural,West,Middle Atlantic,1910.434,20734,12337,104.0129,58
2016,49041,UT,Sevier County,rural,West,Middle Atlantic,1910.434,20857,12452,,
1970,49043,UT,Summit County,rural,West,Middle Atlantic,1870.58,5930,3371,6,
1971,49043,UT,Summit County,RURAL,West,Middle Atlantic,1870.58,6109,3508,5.875,
1971,49043,UT,Summit County,RURAL,West,Middle Atlantic,1870.58,6109,3508,5.875,
1972,49043,UT,Summit County,rural,West,Middle Atlantic,1870.58,6337,3694,5.75,
1973,49043,UT,Summit County,rural,West,Middle Atlantic,1870.58,6721,3981,5.625,
1974,49043,UT,Summit County,rural,West,Middle Atlantic,1870.58,6881,4127,5.5,
1975,49043,UT,Summit County,rural,West,Middle Atlantic,1870.58,7149,4346,5.375,
1976,49043,UT,Summit County,rural,West,Middle Atlantic,1870.58,7394,4535,5.25,
1977,49043,UT,Summit County,rural  ,West,Middle Atlantic,1870.58,7907,4908,5.125,
1978,49043,UT,Summit County,rural,West,Middle Atlantic,1870.58,8612,5401,5,
1979,49043,UT,Summit County,RURAL,West,Middle Atlantic,1870.58,9424,5955,5.6,
1980,49043,UT,Summit County,rural,West,Middle Atlantic,1870.58,10299,6548,6.2,
1981,49043,UT,Summit County,rural,West,Middle Atlantic,1870.58,10662,6758,6.8,
1982,49043,UT,Summit County,rural,West,Middle Atlantic,1870.58,11319,7197,7.4,
1983,49043,UT,Summit County,rural,West,Middle Atlantic,1870.58,11767,7473,8,
1984,49043,UT,Summit County,rural,West,Middle Atlantic,1870.58,12300,7861,10,5
1985,49043,UT,Summit County, rural,West,Middle Atlantic,1870.58,12767,8207,12,9
1986,49043,UT,Summit County,rural,West,Middle Atlantic,1870.58,13203,8547,13,16
1987,49043,UT,Summit County,rural,West,Middle Atlantic,1870.58,13503,8738,13,12
1988,49043,UT,Summit County,rural,West,Middle Atlantic,1870.58,14044,9112,13,16
1989,49043,UT,Summit County,rural,West,Middle Atlantic,1870.58,14631,9537,13.4,25
1989,49043,UT,Summit County,rural,West,Middle Atlantic,1870.58,14631,9537,13.4,25
1990,49043,UT,Summit County,rural,West,Middle Atlantic,1870.58,15792,10374,13.8,27
1991,49043,UT,Summit County,rural,West,Middle Atlantic,1870.58,17124,11358,14.2,26
1992,49043,UT,Summit County,rural,West,Middle Atlantic,1870.58,18406,12361,14.6,26
1993,49043,UT,Summit County,rural,West,Middle Atlantic,1870.58,20247,13715,15,31
1994,49043,UT,Summit County,rural,West,Middle Atlantic,1870.58,22044,15109,22.16667,26
1995,49043,UT,Summit County,rural,West,Middle Atlantic,1870.58,23902,16562,29.33333,23
1996,49043,UT,Summit County,rural,West,Middle Atlantic,1870.58,25297,17683,36.5,23
1996,49043,UT,Summit County,rural,West,Middle Atlantic,1870.58,25297,17683,36.5,23
1997,49043,UT,Summit County,rural,West,Middle Atlantic,1870.58,26634,18687,43.66667,26.6666666667
1997,49043,UT,Summit County,rural,West,Middle Atlantic,1870.58,26634,18687,43.66667,26.6666666667
1998,49043,UT,Summit County,rural,West,Middle Atlantic,1870.58,27970,19685,50.83333,30.3333333333
1999,49043,UT,Summit County,rural,West,Middle Atlantic,1870.58,29004,20470,58,34
2000,49043,UT,Summit County,rural,West,Middle Atlantic,1870.58,29964,21201,59.16667,30
2000,49043,UT,Summit County,rural,West,Middle Atlantic,1870.58,29964,21201,59.16667,30
2001,49043,UT,Summit County,rural,West,Middle Atlantic,1870.58,30803,21834,60.33333,33
2002,49043,UT,Summit County, rural,West,Middle Atlantic,1870.58,31536,22452,61.5,24
2003,49043,UT,Summit County,rural,West,Middle Atlantic,1870.58,32353,22965,62.66667,25
2004,49043,UT,Summit County,rural,West,Middle Atlantic,1870.58,33271,23570,63.83333,27
2005,49043,UT,Summit County,rural,West,Middle Atlantic,1870.58,34137,24117,65,27
2006,49043,UT,Summit County,rural,West,Middle Atlantic,1870.58,34242,24147,66.125,31
2007,49043,UT,Summit County,rural,West,Middle Atlantic,1870.58,34647,24348,67.25,34
2008,49043,UT,Summit County,rural,West,Middle Atlantic,1870.58,35229,24639,68.375,34
2009,49043,UT,Summit County,rural,West,Middle Atlantic,1870.58,35838,24950,69.5,38
2010,49043,UT,Summit County,rural,West,Middle Atlantic,1870.58,36324,25269,70.625,38
2011,49043,UT,Summit County,rural,West,Middle Atlantic,1870.58,36500,25400,71.75,36
2011,49043,UT,Summit County,rural,West,Middle Atlantic,1870.58,36500,25400,71.75,36
2012,49043,UT,Summit County,rural,West,Middle Atlantic,1870.58,37438,25944,72.875,42
2013,49043,UT,Summit County,rural,West,Middle Atlantic,1870.58,37899,26119,74,39
2014,49043,UT,Summit County,rural,West,Middle Atlantic,1870.58,38461,26446,74,40
2015,49043,UT,Summit County,  RURAL ,West,Middle Atlantic,1870.58,39099,26733,74,41
2015,49043,UT,Summit County,  RURAL ,West,Middle Atlantic,1870.58,39099,26733,74,41
2016,49043,UT,Summit County,rural,West,Middle Atlantic,1870.58,39599,26965,,
1970,49045,UT,Tooele County,suburban,West,Middle Atlantic,6941.958,21677,12837,8,
1971,49045,UT,Tooele County,suburban,West,Middle Atlantic,6941.958,22211,13188,10,
1972,49045,UT,Tooele County,suburban,West,Middle Atlantic,6941.958,22586,13481,12,
1973,49045,UT,Tooele County,suburban,West,Middle Atlantic,6941.958,22417,13442,14,
1974,49045,UT,Tooele County,suburban,West,Middle Atlantic,6941.958,22612,13619,16,
1974,49045,UT,Tooele County,suburban,West,Middle Atlantic,6941.958,22612,13619,16,
1975,49045,UT,Tooele County,suburban,West,Middle Atlantic,6941.958,23570,14285,18,
1976,49045,UT,Tooele County,suburban,West,Middle Atlantic,6941.958,23658,14370,20,
1977,49045,UT,Tooele County,suburban,West,Middle Atlantic,6941.958,24239,14750,22,
1978,49045,UT,Tooele County,suburban,West,Middle Atlantic,6941.958,24976,15190,24,
1979,49045,UT,Tooele County,suburban,West,Middle Atlantic,6941.958,25738,15634,21.2,
1979,49045,UT,Tooele County,suburban,West,Middle Atlantic,6941.958,25738,15634,21.2,
1980,49045,UT,Tooele County,suburban,West,Middle Atlantic,6941.958,26237,15870,18.4,
1981,49045,UT,Tooele County,suburban,West,Middle Atlantic,6941.958,26943,16162,15.6,
1982,49045,UT,Tooele County,suburban,West,Middle Atlantic,6941.958,27401,16417,12.8,
1983,49045,UT,Tooele County,  SUBURBAN ,West,Middle Atlantic,6941.958,27483,16402,10,
1984,49045,UT,Tooele County,suburban,West,Middle Atlantic,6941.958,27358,16406,12.5,12
1985,49045,UT,Tooele County,suburban,West,Middle Atlantic,6941.958,27432,16526,15,26
1986,49045,UT,Tooele County,suburban,West,Middle Atlantic,6941.958,27351,16588,36,33
1987,49045,UT,Tooele County,suburban,West,Middle Atlantic,6941.958,27114,16421,32,38
1988,49045,UT,Tooele County,Suburban,West,Middle Atlantic,6941.958,27023,16408,26,37
1988,49045,UT,Tooele County,Suburban,West,Middle Atlantic,6941.958,27023,16408,26,37
1989,49045,UT,Tooele County,suburban,West,Middle Atlantic,6941.958,26638,16251,26.8,39
1990,49045,UT,Tooele County, suburban,West,Middle Atlantic,6941.958,26718,16407,27.6,50
1991,49045,UT,Tooele County,suburban,West,Middle Atlantic,6941.958,27284,16781,28.4,54
1992,49045,UT,Tooele County,suburban,West,Middle Atlantic,6941.958,27852,17230,543,51
1992,49045,,,,,,,,,29.2,
1993,49045,UT,Tooele County,suburban,West,Middle Atlantic,6941.958,28572,17791,30,52
1994,49045,UT,Tooele County,suburban,West,Middle Atlantic,6941.958,29578,18535,39.16667,63
1995,49045,UT,Tooele County,suburban,West,Middle Atlantic,6941.958,30345,19140,48.33333,70
1996,49045,UT,Tooele County,suburban,West,Middle Atlantic,6941.958,31364,19843,57.5,83
1997,49045,UT,Tooele County,suburban,West,Middle Atlantic,6941.958,33048,20874,66.66666,86
1998,49045,UT,Tooele County,suburban,West,Middle Atlantic,6941.958,35351,22377,75.83334,89
1998,49045,UT,Tooele County,suburban,West,Middle Atlantic,6941.958,35351,22377,75.83334,89
1999,49045,UT,Tooele County,suburban,West,Middle Atlantic,6941.958,38079,24137,85,92
2000,49045,UT,Tooele County,suburban,West,Middle Atlantic,6941.958,41519,26363,100,127
2001,49045,UT,Tooele County,suburban,West,Middle Atlantic,6941.958,43331,27338,97,116
2002,49045,UT,Tooele County,Suburban,West,Middle Atlantic,6941.958,44998,28242,98,133
2002,49045,UT,Tooele County,Suburban,West,Middle Atlantic,6941.958,44998,28242,98,133
2003,49045,UT,Tooele County,  SUBURBAN ,West,Middle Atlantic,6941.958,46652,29058,95,137
2004,49045,UT,Tooele County,suburban,West,Middle Atlantic,6941.958,47894,29643,98,124
2005,49045,UT,Tooele County,suburban,West,Middle Atlantic,6941.958,49258,30451,94,115
2006,49045,UT,Tooele County,suburban,West,Middle Atlantic,6941.958,51483,31779,99.25,139
2006,49045,UT,Tooele County,suburban,West,Middle Atlantic,6941.958,51483,31779,99.25,139
2007,49045,UT,Tooele County,suburban,West,Middle Atlantic,6941.958,53821,33202,104.5,104
2008,49045,UT,Tooele County,suburban,West,Middle Atlantic,6941.958,55909,34406,109.75,109
2009,49045,UT,Tooele County,suburban,West,Middle Atlantic,6941.958,57218,35177,115,126
2010,49045,UT,Tooele County,suburban,West,Middle Atlantic,6941.958,58218,35885,120.25,140
2011,49045,UT,Tooele County,suburban,West,Middle Atlantic,6941.958,58501,36132,125.5,148
2012,49045,UT,Tooele County,  SUBURBAN ,West,Middle Atlantic,6941.958,59184,36759,130.75,155
2013,49045,UT,Tooele County,suburban,West,Middle Atlantic,6941.958,59788,37310,136,167
2014,49045,UT,Tooele County,suburban,West,Middle Atlantic,6941.958,60640,37920,136,136
2015,49045,UT,Tooele County,suburban,West,Middle Atlantic,6941.958,61448,38429,136,128
2016,49045,UT,Tooele County,suburban,West,Middle Atlantic,6941.958,62641,39381,,
1970,49047,UT,Uintah County,Rural,West,Middle Atlantic,4482.384,12811,7201,11,
1971,49047,UT,Uintah County,rural,West,Middle Atlantic,4482.384,13299,7531,10.5,
1972,49047,UT,Uintah County,rural,West,Middle Atlantic,4482.384,14042,8043,10,
1973,49047,UT,Uintah County,rural,West,Middle Atlantic,4482.384,15470,8984,9.5,
1974,49047,UT,Uintah County,rural,West,Middle Atlantic,4482.384,16208,9505,9,
1975,49047,UT,Uintah County,rural,West,Middle Atlantic,4482.384,17471,10347,8.5,
1976,49047,UT,Uintah County,rural,West,Middle Atlantic,4482.384,17740,10491,8,
1977,49047,UT,Uintah County,rural,West,Middle Atlantic,4482.384,18018,10643,7.5,
1978,49047,UT,Uintah County,rural,West,Middle Atlantic,4482.384,18839,11102,7,
1979,49047,UT,Uintah County,rural,West,Middle Atlantic,4482.384,19785,11621,7.4,
1980,49047,UT,Uintah County,rural,West,Middle Atlantic,4482.384,20805,12140,7.8,
1981,49047,UT,Uintah County,rural,West,Middle Atlantic,4482.384,21994,12662,8.2,
1982,49047,UT,Uintah County,rural,West,Middle Atlantic,4482.384,24371,13951,8.6,
1983,49047,UT,Uintah County,rural,West,Middle Atlantic,4482.384,25709,14585,9,7
1983,49047,UT,Uintah County,rural,West,Middle Atlantic,4482.384,25709,14585,9,7
1984,49047,UT,Uintah County,rural,West,Middle Atlantic,4482.384,25963,14738,13,21
1985,49047,UT,Uintah County,rural,West,Middle Atlantic,4482.384,25592,14539,17,28
1986,49047,UT,Uintah County,rural,West,Middle Atlantic,4482.384,24771,14117,21,23
1987,49047,UT,Uintah County,rural,West,Middle Atlantic,4482.384,23357,13244,25,36
1988,49047,UT,Uintah County,rural,West,Middle Atlantic,4482.384,22433,12716,29,31
1989,49047,UT,Uintah County,rural,West,Middle Atlantic,4482.384,21891,12416,31.2,30
1990,49047,UT,Uintah County,rural,West,Middle Atlantic,4482.384,22281,12727,33.4,32
1991,49047,UT,Uintah County,rural,West,Middle Atlantic,4482.384,22873,13200,35.6,25
1992,49047,UT,Uintah County,rural,West,Middle Atlantic,4482.384,23251,13612,37.8,26
1993,49047,UT,Uintah County,rural,West,Middle Atlantic,4482.384,23738,14076,40,26
1994,49047,UT,Uintah County,rural,West,Middle Atlantic,4482.384,24105,14500,46.66667,39
1995,49047,UT,Uintah County,rural,West,Middle Atlantic,4482.384,24446,14907,606,56
1995,49047,,,,,,,,,53.33333,
1996,49047,UT,Uintah County,rural,West,Middle Atlantic,4482.384,24408,15017,60,82
1997,49047,UT,Uintah County,rural,West,Middle Atlantic,4482.384,24828,15354,66.66666,86
1998,49047,UT,Uintah County,rural,West,Middle Atlantic,4482.384,24970,15491,73.33334,90
1999,49047,UT,Uintah County,rural,West,Middle Atlantic,4482.384,25203,15683,80,94
2000,49047,UT,Uintah County,rural,West,Middle Atlantic,4482.384,25215,15769,84.66666,91
2001,49047,UT,Uintah County,rural,West,Middle Atlantic,4482.384,25786,16167,89.33334,84
2002,49047,UT,Uintah County,rural,West,Middle Atlantic,4482.384,26395,16639,94,93
2003,49047,UT,Uintah County,rural,West,Middle Atlantic,4482.384,26561,16767,98.66666,80
2004,49047,UT,Uintah County,rural,West,Middle Atlantic,4482.384,26994,17044,103.3333,96
2005,49047,UT,Uintah County,rural,West,Middle Atlantic,4482.384,27661,17450,108,107
2006,49047,UT,Uintah County,rural,West,Middle Atlantic,4482.384,28662,18142,114.125,110
2007,49047,UT,Uintah County,rural,West,Middle Atlantic,4482.384,29920,18862,120.25,106
2008,49047,UT,Uintah County,rural,West,Middle Atlantic,4482.384,31009,19536,126.375,121
2009,49047,UT,Uintah County,rural,West,Middle Atlantic,4482.384,32931,20636,132.5,131
2010,49047,UT,Uintah County,rural,West,Middle Atlantic,4482.384,32588,20297,138.625,121
2011,49047,UT,Uintah County,rural,West,Middle Atlantic,4482.384,32469,20202,144.75,106
2012,49047,UT,Uintah County,Rural,West,Middle Atlantic,4482.384,33246,20705,150.875,138
2013,49047,UT,Uintah County,rural,West,Middle Atlantic,4482.384,34644,21435,157,165
2014,49047,UT,Uintah County,rural,West,Middle Atlantic,4482.384,35690,22032,157,170
2015,49047,UT,Uintah County,rural,West,Middle Atlantic,4482.384,36905,22679,157,158
2016,49047,UT,Uintah County,rural,West,Middle Atlantic,4482.384,37776,23202,,
1970,49049,UT,Utah County,small/mid,West,Middle Atlantic,2003.589,139421,87746,34,
1971,49049,UT,Utah County,small/mid,West,Middle Atlantic,2003.589,146001,91587,35.625,
1972,49049,UT,Utah County,small/mid,West,Middle Atlantic,2003.589,155050,97139,37.25,
1973,49049,UT,Utah County,small/mid,West,Middle Atlantic,2003.589,162419,101728,38.875,
1974,49049,UT,Utah County,small/mid,West,Middle Atlantic,2003.589,169525,106036,40.5,
1975,49049,UT,Utah County,small/mid,West,Middle Atlantic,2003.589,174350,108859,42.125,
1976,49049,UT,Utah County,small/mid,West,Middle Atlantic,2003.589,180202,112394,43.75,
1976,49049,UT,Utah County,small/mid,West,Middle Atlantic,2003.589,180202,112394,43.75,
1977,49049,UT,Utah County,  SMALL/MID ,West,Middle Atlantic,2003.589,191053,119308,45.375,
1978,49049,UT,Utah County,small/mid,West,Middle Atlantic,2003.589,199239,123543,47,
1979,49049,UT,Utah County,small/mid,West,Middle Atlantic,2003.589,210279,129319,49.6,
1980,49049,UT,Utah County,small/mid,West,Middle Atlantic,2003.589,220030,134174,52.2,
1980,49049,UT,Utah County,small/mid,West,Middle Atlantic,2003.589,220030,134174,52.2,
1981,49049,UT,Utah County,small/mid,West,Middle Atlantic,2003.589,226544,136813,54.8,
1982,49049,UT,Utah County,small/mid,West,Middle Atlantic,2003.589,232687,140105,57.4,
1983,49049,UT,Utah County,small/mid,West,Middle Atlantic,2003.589,237562,142120,60,44
1983,49049,UT,Utah County,small/mid,West,Middle Atlantic,2003.589,237562,142120,60,44
1984,49049,UT,Utah County,small/mid,West,Middle Atlantic,2003.589,241043,144551,80,96
1985,49049,UT,Utah County,small/mid,West,Middle Atlantic,2003.589,244530,147090,100,109
1986,49049,UT,Utah County,small/mid,West,Middle Atlantic,2003.589,247054,149193,84,117
1987,49049,UT,Utah County,small/mid,West,Middle Atlantic,2003.589,250250,150570,97,128
1988,49049,UT,Utah County,small/mid,West,Middle Atlantic,2003.589,254276,153181,93,143
1989,49049,UT,Utah County,small/mid,West,Middle Atlantic,2003.589,260365,157410,115,183
1989,49049,UT,Utah County,small/mid,West,Middle Atlantic,2003.589,260365,157410,115,183
1990,49049,UT,Utah County,small/mid,West,Middle Atlantic,2003.589,264893,161488,115,192
1991,49049,UT,Utah County,small/mid,West,Middle Atlantic,2003.589,273039,167626,113,218
1992,49049,UT,Utah County,small/mid,West,Middle Atlantic,2003.589,283969,176415,141,241
1993,49049,UT,Utah County,small/mid,West,Middle Atlantic,2003.589,295863,185384,160,247
1994,49049,UT,Utah County,small/mid,West,Middle Atlantic,2003.589,308441,195437,187,256
1994,49049,UT,Utah County,small/mid,West,Middle Atlantic,2003.589,308441,195437,187,256
1995,49049,UT,Utah County,Small/mid,West,Middle Atlantic,2003.589,318391,203799,241,276
1996,49049,UT,Utah County,small/mid,West,Middle Atlantic,2003.589,330454,213300,240,284
1997,49049,UT,Utah County,small/mid,West,Middle Atlantic,2003.589,340416,220245,230,310.666666667
1998,49049,UT,Utah County,small/mid,West,Middle Atlantic,2003.589,353365,229147,344,337.333333333
1999,49049,UT,Utah County,small/mid,West,Middle Atlantic,2003.589,361631,234611,278,364
2000,49049,UT,Utah County,small/mid,West,Middle Atlantic,2003.589,371811,241640,484,351
2001,49049,UT,Utah County,small/mid,West,Middle Atlantic,2003.589,385671,250991,531,340
2001,49049,UT,Utah County,small/mid,West,Middle Atlantic,2003.589,385671,250991,531,340
2002,49049,UT,Utah County,small/mid,West,Middle Atlantic,2003.589,397190,258211,546,395
2003,49049,UT,Utah County,small/mid,West,Middle Atlantic,2003.589,406158,263357,556,382
2004,49049,UT,Utah County,small/mid,West,Middle Atlantic,2003.589,416220,269021,566,397
2005,49049,UT,Utah County,small/mid,West,Middle Atlantic,2003.589,430697,277875,625,415
2006,49049,UT,Utah County,small/mid,West,Middle Atlantic,2003.589,448296,287834,657.75,462
2007,49049,UT,Utah County,small/mid,West,Middle Atlantic,2003.589,469574,300424,690.5,493
2008,49049,UT,Utah County,small/mid,West,Middle Atlantic,2003.589,487615,310661,723.25,519
2009,49049,UT,Utah County,small/mid,West,Middle Atlantic,2003.589,504801,319685,756,579
2010,49049,UT,Utah County,small/mid,West,Middle Atlantic,2003.589,516639,326176,788.75,718
2011,49049,UT,Utah County,SMALL/MID,West,Middle Atlantic,2003.589,519975,328163,821.5,754
2011,49049,UT,Utah County,SMALL/MID,West,Middle Atlantic,2003.589,519975,328163,821.5,754
2012,49049,UT,Utah County,small/mid,West,Middle Atlantic,2003.589,530860,334846,854.25,788
2013,49049,UT,Utah County,small/mid,West,Middle Atlantic,2003.589,539776,340296,887,868
2014,49049,UT,Utah County,small/mid,West,Middle Atlantic,2003.589,551633,347701,890.5,918
2015,49049,UT,Utah County,small/mid,West,Middle Atlantic,2003.589,560909,354090,894,843
2016,49049,UT,Utah County,small/mid,West,Middle Atlantic,2003.589,573038,362981,,
1970,49051,UT,Wasatch County,rural,West,Middle Atlantic,1177.02,5945,3375,6,
1970,49051,UT,Wasatch County,rural,West,Middle Atlantic,1177.02,5945,3375,6,
1971,49051,UT,Wasatch County,rural,West,Middle Atlantic,1177.02,6253,3555,5.375,
1972,49051,UT,Wasatch County,rural,West,Middle Atlantic,1177.02,6543,3727,4.75,
1973,49051,UT,Wasatch County,rural,West,Middle Atlantic,1177.02,6667,3808,557,
1973,49051,,,,,,,,,4.125,
1974,49051,UT,Wasatch County,  RURAL ,West,Middle Atlantic,1177.02,6554,3747,3.5,
1975,49051,UT,Wasatch County,rural,West,Middle Atlantic,1177.02,6882,3967,2.875,
1976,49051,UT,Wasatch County,rural,West,Middle Atlantic,1177.02,7156,4145,2.25,
1977,49051,UT,Wasatch County,rural,West,Middle Atlantic,1177.02,7574,4365,1.625,
1978,49051,UT,Wasatch County,rural,West,Middle Atlantic,1177.02,7915,4548,1,
1979,49051,UT,Wasatch County,rural,West,Middle Atlantic,1177.02,8392,4808,1.6,
1980,49051,UT,Wasatch County,rural,West,Middle Atlantic,1177.02,8602,4882,529,
1980,49051,,,,,,,,,2.2,
1981,49051,UT,Wasatch County,rural,West,Middle Atlantic,1177.02,8869,4989,2.8,
1982,49051,UT,Wasatch County,rural,West,Middle Atlantic,1177.02,9103,5117,3.4,
1983,49051,UT,Wasatch County,rural,West,Middle Atlantic,1177.02,9121,5104,4,0
1984,49051,UT,Wasatch County, rural,West,Middle Atlantic,1177.02,9363,5259,4.2,
1985,49051,UT,Wasatch County,rural,West,Middle Atlantic,1177.02,9391,5301,4.4,
1986,49051,UT,Wasatch County,rural,West,Middle Atlantic,1177.02,9501,5393,4.6,7
1987,49051,UT,Wasatch County,rural,West,Middle Atlantic,1177.02,9655,5465,4.8,6
1988,49051,UT,Wasatch County,rural,West,Middle Atlantic,1177.02,9870,5601,5,7
1989,49051,UT,Wasatch County,rural,West,Middle Atlantic,1177.02,9928,5651,5.8,7
1990,49051,UT,Wasatch County,rural,West,Middle Atlantic,1177.02,10150,5819,6.6,8
1991,49051,UT,Wasatch County,rural,West,Middle Atlantic,1177.02,10488,6090,7.4,6
1992,49051,UT,Wasatch County,rural,West,Middle Atlantic,1177.02,10790,6357,8.2,11
1993,49051,UT,Wasatch County,RURAL,West,Middle Atlantic,1177.02,11183,6679,9,6
1994,49051,UT,Wasatch County,RURAL,West,Middle Atlantic,1177.02,11723,7106,19.83333,6
1995,49051,UT,Wasatch County,rural,West,Middle Atlantic,1177.02,12143,7454,30.66667,10
1996,49051,UT,Wasatch County,rural  ,West,Middle Atlantic,1177.02,12740,7904,41.5,11
1997,49051,UT,Wasatch County,rural,West,Middle Atlantic,1177.02,13316,8321,52.33333,10
1997,49051,UT,Wasatch County,rural,West,Middle Atlantic,1177.02,13316,8321,52.33333,10
1998,49051,UT,Wasatch County,rural  ,West,Middle Atlantic,1177.02,13953,8772,63.16667,9
1999,49051,UT,Wasatch County,rural,West,Middle Atlantic,1177.02,14577,9202,74,8
2000,49051,UT,Wasatch County,rural,West,Middle Atlantic,1177.02,15421,9783,88,9
2001,49051,UT,Wasatch County,rural,West,Middle Atlantic,1177.02,16205,10387,87,14
2002,49051,UT,Wasatch County,rural,West,Middle Atlantic,1177.02,16975,10883,84,20
2003,49051,UT,Wasatch County,rural,West,Middle Atlantic,1177.02,17765,11372,90,30
2003,49051,UT,Wasatch County,rural,West,Middle Atlantic,1177.02,17765,11372,90,30
2004,49051,UT,Wasatch County, rural,West,Middle Atlantic,1177.02,18349,11745,89,31
2005,49051,UT,Wasatch County,rural,West,Middle Atlantic,1177.02,19410,12334,85,33
2006,49051,UT,Wasatch County,rural,West,Middle Atlantic,1177.02,20755,13149,84.875,30
2007,49051,UT,Wasatch County,rural,West,Middle Atlantic,1177.02,21413,13546,84.75,39
2008,49051,UT,Wasatch County,rural,West,Middle Atlantic,1177.02,22120,13861,84.625,43
2009,49051,UT,Wasatch County,rural,West,Middle Atlantic,1177.02,22886,14268,84.5,43
2010,49051,UT,Wasatch County,rural,West,Middle Atlantic,1177.02,23525,14681,84.375,41
2011,49051,UT,Wasatch County,rural,West,Middle Atlantic,1177.02,23644,14764,84.25,41
2012,49051,UT,Wasatch County,rural,West,Middle Atlantic,1177.02,24433,15311,84.125,48
2013,49051,UT,Wasatch County,rural,West,Middle Atlantic,1177.02,25428,15930,84,61
2014,49051,UT,Wasatch County,rural,West,Middle Atlantic,1177.02,26673,16692,84,53
2015,49051,UT,Wasatch County,rural,West,Middle Atlantic,1177.02,27906,17496,84,48
2016,49051,UT,Wasatch County,rural,West,Middle Atlantic,1177.02,29273,18332,,
1970,49053,UT,Washington County,SMALL/MID,West,Middle Atlantic,2426.945,13941,7702,2,
1971,49053,UT,Washington County,small/mid,West,Middle Atlantic,2426.945,15038,8325,3,
1972,49053,UT,Washington County,small/mid,West,Middle Atlantic,2426.945,15534,8579,4,
1973,49053,UT,Washington County,small/mid,West,Middle Atlantic,2426.945,16382,9070,5,
1974,49053,UT,Washington County,small/mid,West,Middle Atlantic,2426.945,18097,10089,6,
1975,49053,UT,Washington County,small/mid,West,Middle Atlantic,2426.945,18507,10274,7,
1976,49053,UT,Washington County,  SMALL/MID ,West,Middle Atlantic,2426.945,19852,11004,8,
1977,49053,UT,Washington County,small/mid,West,Middle Atlantic,2426.945,20881,11450,9,
1978,49053,UT,Washington County,small/mid,West,Middle Atlantic,2426.945,22340,12189,10,
1979,49053,UT,Washington County,SMALL/MID,West,Middle Atlantic,2426.945,24015,13016,13.4,
1980,49053,UT,Washington County,  SMALL/MID ,West,Middle Atlantic,2426.945,26493,14280,16.8,
1981,49053,UT,Washington County,small/mid  ,West,Middle Atlantic,2426.945,28070,14928,20.2,
1982,49053,UT,Washington County,small/mid,West,Middle Atlantic,2426.945,29471,15582,23.6,
1983,49053,UT,Washington County,small/mid,West,Middle Atlantic,2426.945,30963,16228,27,5
1984,49053,UT,Washington County,small/mid,West,Middle Atlantic,2426.945,32817,17217,29.2,20
1985,49053,UT,Washington County,SMALL/MID,West,Middle Atlantic,2426.945,35761,18803,31.4,29
1986,49053,UT,Washington County,small/mid,West,Middle Atlantic,2426.945,39498,20853,33.6,30
1987,49053,UT,Washington County,small/mid,West,Middle Atlantic,2426.945,42775,22475,35.8,39
1988,49053,UT,Washington County,small/mid,West,Middle Atlantic,2426.945,44626,23442,38,48
1989,49053,UT,Washington County,small/mid,West,Middle Atlantic,2426.945,46743,24597,41.8,57
1990,49053,UT,Washington County,small/mid,West,Middle Atlantic,2426.945,49183,26036,45.6,49
1991,49053,UT,Washington County,small/mid  ,West,Middle Atlantic,2426.945,52811,28114,49.4,61
1992,49053,UT,Washington County,small/mid,West,Middle Atlantic,2426.945,56349,30199,53.2,77
1993,49053,UT,Washington County,small/mid,West,Middle Atlantic,2426.945,60656,32747,57,86
1994,49053,UT,Washington County,SMALL/MID,West,Middle Atlantic,2426.945,66493,36564,122.5,111
1995,49053,UT,Washington County,small/mid,West,Middle Atlantic,2426.945,72261,40469,188,112
1996,49053,UT,Washington County,small/mid,West,Middle Atlantic,2426.945,77647,43959,253.5,138
1997,49053,UT,Washington County,small/mid,West,Middle Atlantic,2426.945,81520,46325,319,148.333333333
1998,49053,UT,Washington County,small/mid,West,Middle Atlantic,2426.945,84837,48135,384.5,158.666666667
1999,49053,UT,Washington County,Small/mid,West,Middle Atlantic,2426.945,88049,50194,450,169
2000,49053,UT,Washington County,small/mid,West,Middle Atlantic,2426.945,91206,52232,340,183
2001,49053,UT,Washington County,small/mid,West,Middle Atlantic,2426.945,94512,54467,334,190
2001,49053,UT,Washington County,small/mid,West,Middle Atlantic,2426.945,94512,54467,334,190
2002,49053,UT,Washington County,small/mid,West,Middle Atlantic,2426.945,99274,57492,370,163
2003,49053,UT,Washington County,small/mid,West,Middle Atlantic,2426.945,104188,60448,377,178
2004,49053,UT,Washington County,small/mid,West,Middle Atlantic,2426.945,110207,63937,410,189
2005,49053,UT,Washington County,small/mid,West,Middle Atlantic,2426.945,119000,69338,414,205
2006,49053,UT,Washington County,small/mid,West,Middle Atlantic,2426.945,126796,73969,450,245
2007,49053,UT,Washington County,small/mid,West,Middle Atlantic,2426.945,132277,77086,470,244
2008,49053,UT,Washington County,small/mid,West,Middle Atlantic,2426.945,135552,78435,448,269
2009,49053,UT,Washington County,small/mid,West,Middle Atlantic,2426.945,137088,78679,424,263
2010,49053,UT,Washington County,small/mid,West,Middle Atlantic,2426.945,138115,78999,447,258
2010,49053,UT,Washington County,small/mid,West,Middle Atlantic,2426.945,138115,78999,447,258
2011,49053,UT,Washington County,small/mid,West,Middle Atlantic,2426.945,138393,79166,485,280
2011,49053,UT,Washington County,small/mid,West,Middle Atlantic,2426.945,138393,79166,485,280
2012,49053,UT,Washington County,small/mid,West,Middle Atlantic,2426.945,141276,80769,430,267
2013,49053,UT,Washington County,small/mid,West,Middle Atlantic,2426.945,144216,82339,420,253
2014,49053,UT,Washington County,SMALL/MID,West,Middle Atlantic,2426.945,147077,84026,441,242
2015,49053,UT,Washington County,small/mid  ,West,Middle Atlantic,2426.945,151179,86027,441,260
2016,49053,UT,Washington County,small/mid,West,Middle Atlantic,2426.945,154731,88083,,
1970,49055,UT,Wayne County, rural,West,Middle Atlantic,2461.077,1486,871,0,
1971,49055,UT,Wayne County,rural,West,Middle Atlantic,2461.077,1475,860,0,
1972,49055,UT,Wayne County,rural,West,Middle Atlantic,2461.077,1532,898,0,
1973,49055,UT,Wayne County,rural,West,Middle Atlantic,2461.077,1543,899,0,
1974,49055,UT,Wayne County,rural,West,Middle Atlantic,2461.077,1597,925,0,
1975,49055,UT,Wayne County,rural,West,Middle Atlantic,2461.077,1642,944,501,
1975,49055,,,,,,,,,0,
1976,49055,UT,Wayne County,rural,West,Middle Atlantic,2461.077,1643,927,0,
1977,49055,UT,Wayne County,rural  ,West,Middle Atlantic,2461.077,1693,943,0,
1978,49055,UT,Wayne County,rural,West,Middle Atlantic,2461.077,1776,979,0,
1979,49055,UT,Wayne County,rural,West,Middle Atlantic,2461.077,1851,1011,0,
1980,49055,UT,Wayne County,rural,West,Middle Atlantic,2461.077,1923,1046,0,
1981,49055,UT,Wayne County,rural,West,Middle Atlantic,2461.077,1974,1059,0,
1982,49055,UT,Wayne County,rural,West,Middle Atlantic,2461.077,2036,1085,0,
1983,49055,UT,Wayne County,rural,West,Middle Atlantic,2461.077,2131,1126,0,0
1984,49055,UT,Wayne County, rural,West,Middle Atlantic,2461.077,2152,1137,0,0
1985,49055,UT,Wayne County,rural,West,Middle Atlantic,2461.077,2168,1150,0,0
1985,49055,UT,Wayne County,rural,West,Middle Atlantic,2461.077,2168,1150,0,0
1986,49055,UT,Wayne County,rural,West,Middle Atlantic,2461.077,2112,1125,0,0
1987,49055,UT,Wayne County,rural,West,Middle Atlantic,2461.077,2183,1151,0,0
1988,49055,UT,Wayne County,rural,West,Middle Atlantic,2461.077,2124,1118,0,0
1989,49055,UT,Wayne County, rural,West,Middle Atlantic,2461.077,2134,1124,0,
1990,49055,UT,Wayne County,rural,West,Middle Atlantic,2461.077,2190,1151,0,
1991,49055,UT,Wayne County,RURAL,West,Middle Atlantic,2461.077,2202,1179,0,0
1992,49055,UT,Wayne County,rural,West,Middle Atlantic,2461.077,2141,1157,0,
1993,49055,UT,Wayne County,rural,West,Middle Atlantic,2461.077,2236,1235,0,
1994,49055,UT,Wayne County,RURAL,West,Middle Atlantic,2461.077,2284,1282,0,
1995,49055,UT,Wayne County,rural,West,Middle Atlantic,2461.077,2355,1342,0,
1996,49055,UT,Wayne County,rural,West,Middle Atlantic,2461.077,2421,1402,0,
1997,49055,UT,Wayne County,rural,West,Middle Atlantic,2461.077,2442,1419,0,
1998,49055,UT,Wayne County,rural,West,Middle Atlantic,2461.077,2413,1410,0,3.33333333333
1999,49055,UT,Wayne County,rural,West,Middle Atlantic,2461.077,2442,1440,0,4
2000,49055,UT,Wayne County,rural,West,Middle Atlantic,2461.077,2533,1501,0,4
2001,49055,UT,Wayne County,rural,West,Middle Atlantic,2461.077,2532,1515,0,
2002,49055,UT,Wayne County,rural,West,Middle Atlantic,2461.077,2559,1538,0,
2003,49055,UT,Wayne County,rural,West,Middle Atlantic,2461.077,2527,1520,0,
2004,49055,UT,Wayne County,rural,West,Middle Atlantic,2461.077,2505,1517,0,
2005,49055,UT,Wayne County,rural,West,Middle Atlantic,2461.077,2510,1515,0,
2006,49055,UT,Wayne County,rural,West,Middle Atlantic,2461.077,2594,1569,0,0
2007,49055,UT,Wayne County,rural,West,Middle Atlantic,2461.077,2648,1604,0,
2008,49055,UT,Wayne County,rural,West,Middle Atlantic,2461.077,2731,1661,0,
2009,49055,UT,Wayne County,rural,West,Middle Atlantic,2461.077,2788,1687,0,
2010,49055,UT,Wayne County,rural,West,Middle Atlantic,2461.077,2778,1653,0,
2011,49055,UT,Wayne County,rural,West,Middle Atlantic,2461.077,2772,1646,0,4
2012,49055,UT,Wayne County,rural,West,Middle Atlantic,2461.077,2743,1630,0,
2013,49055,UT,Wayne County,rural,West,Middle Atlantic,2461.077,2709,1595,0,
2013,49055,UT,Wayne County,rural,West,Middle Atlantic,2461.077,2709,1595,0,
2014,49055,UT,Wayne County,rural,West,Middle Atlantic,2461.077,2717,1604,0,
2015,49055,UT,Wayne County,rural,West,Middle Atlantic,2461.077,2695,1594,0,0
2016,49055,UT,Wayne County, rural,West,Middle Atlantic,2461.077,2684,1584,,
1970,49057,UT,Weber County,small/mid,West,Middle Atlantic,576.265,126861,76464,76.7272,
1971,49057,UT,Weber County,small/mid,West,Middle Atlantic,576.265,129156,78305,79.2605,
1972,49057,UT,Weber County,small/mid,West,Middle Atlantic,576.265,132699,81162,81.85767,
1973,49057,UT,Weber County,small/mid,West,Middle Atlantic,576.265,132015,81279,84.32187,
1973,49057,UT,Weber County,small/mid,West,Middle Atlantic,576.265,132015,81279,84.32187,
1974,49057,UT,Weber County,small/mid,West,Middle Atlantic,576.265,134173,83246,86.9311,
1974,49057,UT,Weber County,small/mid,West,Middle Atlantic,576.265,134173,83246,86.9311,
1975,49057,UT,Weber County,small/mid,West,Middle Atlantic,576.265,135457,84574,89.40195,
1976,49057,UT,Weber County,small/mid,West,Middle Atlantic,576.265,137699,86176,91.90878,
1977,49057,UT,Weber County,small/mid,West,Middle Atlantic,576.265,139002,86881,94.42849,
1978,49057,UT,Weber County,small/mid,West,Middle Atlantic,576.265,140820,87887,96.95308,
1979,49057,UT,Weber County,small/mid,West,Middle Atlantic,576.265,143232,89190,100.875,
1980,49057,UT,Weber County,small/mid,West,Middle Atlantic,576.265,145477,90035,104.693,
1981,49057,UT,Weber County,small/mid,West,Middle Atlantic,576.265,148235,90763,108.6355,
1981,49057,UT,Weber County,small/mid,West,Middle Atlantic,576.265,148235,90763,108.6355,
1982,49057,UT,Weber County,small/mid,West,Middle Atlantic,576.265,150857,91955,112.4867,
1983,49057,UT,Weber County,SMALL/MID,West,Middle Atlantic,576.265,153305,92718,116.4141,91
1984,49057,UT,Weber County,small/mid,West,Middle Atlantic,576.265,154828,93681,125.6064,197
1985,49057,UT,Weber County,small/mid,West,Middle Atlantic,576.265,156087,94496,134.8156,223
1986,49057,UT,Weber County,small/mid,West,Middle Atlantic,576.265,156918,95172,144.4998,285
1987,49057,UT,Weber County,small/mid,West,Middle Atlantic,576.265,157617,95063,146.3223,348
1987,49057,UT,Weber County,small/mid,West,Middle Atlantic,576.265,157617,95063,146.3223,348
1988,49057,UT,Weber County,SMALL/MID,West,Middle Atlantic,576.265,157232,94664,175.3521,382
1989,49057,UT,Weber County,small/mid,West,Middle Atlantic,576.265,157852,95015,176.2029,452
1990,49057,UT,Weber County,small/mid,West,Middle Atlantic,576.265,158860,96062,201.3452,494
1991,49057,UT,Weber County,small/mid,West,Middle Atlantic,576.265,162186,98695,196.5149,513
1992,49057,UT,Weber County,small/mid,West,Middle Atlantic,576.265,166479,102376,180.9806,553
1993,49057,UT,Weber County,small/mid,West,Middle Atlantic,576.265,171055,106252,816,554
1993,49057,,,,,,,,,237.9556,
1994,49057,UT,Weber County, small/mid,West,Middle Atlantic,576.265,176033,110482,242.0369,599
1995,49057,UT,Weber County,small/mid,West,Middle Atlantic,576.265,180546,114368,760,720
1995,49057,,,,,,,,,246.094,
1996,49057,UT,Weber County,small/mid,West,Middle Atlantic,576.265,184584,117654,250.2146,831
1997,49057,UT,Weber County,small/mid,West,Middle Atlantic,576.265,188334,120344,254.4489,875
1998,49057,UT,Weber County,small/mid,West,Middle Atlantic,576.265,190846,122168,258.6374,919
1999,49057,UT,Weber County,small/mid,West,Middle Atlantic,576.265,193697,123937,262.781,963
2000,49057,UT,Weber County,small/mid,West,Middle Atlantic,576.265,197437,126525,269.5042,1024
2001,49057,UT,Weber County,Small/mid,West,Middle Atlantic,576.265,200073,128736,437.4341,903
2002,49057,UT,Weber County,small/mid,West,Middle Atlantic,576.265,203045,131085,500.936,917
2003,49057,UT,Weber County,small/mid,West,Middle Atlantic,576.265,205319,132724,952.62,1000
2004,49057,UT,Weber County,small/mid,West,Middle Atlantic,576.265,207794,134535,998.0069,1084
2005,49057,UT,Weber County,small/mid,West,Middle Atlantic,576.265,210150,136320,1012.779,1176
2006,49057,UT,Weber County, small/mid,West,Middle Atlantic,576.265,212656,137996,988.9492,1193
2007,49057,UT,Weber County,  SMALL/MID ,West,Middle Atlantic,576.265,217567,141063,1011.605,1200
2008,49057,UT,Weber County,small/mid,West,Middle Atlantic,576.265,223676,144506,978.5068,1101
2009,49057,UT,Weber County,small/mid,West,Middle Atlantic,576.265,228118,147050,963.3085,1127
2010,49057,UT,Weber County,small/mid,West,Middle Atlantic,576.265,231223,148962,964.6823,1134
2011,49057,UT,Weber County,small/mid,West,Middle Atlantic,576.265,232138,149599,966.0094,1195
2012,49057,UT,Weber County,small/mid,West,Middle Atlantic,576.265,233890,150633,885.8063,1264
2013,49057,UT,Weber County,small/mid,West,Middle Atlantic,576.265,236342,152023,874.9305,1198
2014,49057,UT,Weber County,Small/mid,West,Middle Atlantic,576.265,238222,153262,864.0215,1130
2015,49057,UT,Weber County,small/mid,West,Middle Atlantic,576.265,240219,154561,853.2661,1019
2016,49057,UT,Weber County,small/mid,West,Middle Atlantic,576.265,242978,156664,,
